Peer2Peer,Sync,Peer2Peer,Sync
,128_128_128,128_128_256,128_256_256,256_256_256,256_256_512,256_512_512,512_512_512,512_512_1024,512_1024_1024,1024_1024_1024,1024_1024_2048,1024_2048_2048,2048_2048_2048
init,24.37636733863529,35.23513537943076,36.39792535683243,26.60319127834504,35.30796134686444,33.52726674770515,37.983072034343735,36.48274337925927,33.88255569047557,46.445713199299554,42.46080196090292,48.22429900172223,54.61409298991313
1D FFT Z-Direction,0.49526147108328844,0.3617162634625429,0.25758621964998374,0.7424475689456427,0.44541082331069326,0.7627542224521076,0.41237923827726486,1.1397126796277348,1.5970875790263603,2.396075904373492,7.90018676172761,15.530557289130801,23.768277482315057
First Transpose (First Send),0.006117246620399549,0.010417178370249398,0.007276730883709154,0.008452811041758863,0.009468147688951666,0.005343192384911202,0.013538823002845592,0.030624406660341445,0.06005217973411155,0.05908340827058627,0.1746001511556122,0.22780381481264383,0.6771923610139509
First Transpose (Packing),0.005529394433917251,0.009476950481020095,0.006491706445351481,0.007802532386396776,0.008625685233024899,0.0049322783285046514,0.013218130641039449,0.030341588469870697,0.0598293281538558,0.05887972632177997,0.17391948835428905,0.2276151377649556,0.6770219939130745
First Transpose (Start Local Transpose),0.00713366997464043,0.01181372818453008,0.008060976888754965,0.009238615051036306,0.010658717736896745,0.0060338831543724275,0.013891352116879757,0.03091358005721921,0.06038908679255182,0.0594369086779952,0.17495356304593687,0.22794250824715329,0.6773706433465737
First Transpose (Start Receive),0.008012768632968495,0.013164627025927016,0.009132764239088157,0.010409274690352355,0.011882347695280874,0.0074180035930192754,0.01479659424653118,0.03157729966873458,0.060707941527241474,0.05979090084745503,0.17561148878028052,0.2284331894053289,0.6778498513763709
First Transpose (First Receive),0.06327529074044136,0.05790990309551741,0.08898906708965877,0.10590540612409675,0.18232016760415357,0.2584156347765366,0.4805311111448523,1.0114287884062774,2.053947908917139,4.583775973461646,7.992549273900624,9.414275730638805,12.955743998421765
First Transpose (Finished Receive),0.07664977691112111,0.07961731805105669,0.09007836636398879,0.11073697744725391,0.1652824239372255,0.22063322642343564,0.39026494032786707,0.9540116169003955,1.7247924977584048,3.224506478649066,7.7980295146998895,14.664298463253461,28.39033286629964
First Transpose (Unpacking),0.07678502867242647,0.07964652706699571,0.08956622453644662,0.15237985568916837,0.16374294288870386,0.21824375152259765,0.3871675109655005,0.9532150612439321,1.7237576551933727,3.2164892086758687,7.786551196702979,14.633245393910054,28.304293965786663
First Transpose (Send Complete),0.07689832903998672,0.08045326703168901,0.08668239852601786,0.1507716394381166,0.1480555597487583,0.1655288382460263,0.2837873851912301,0.8340078403891308,1.5027184451539128,2.265116190909081,6.720654554816531,13.475197884538066,26.51203187319383
1D FFT Y-Direction,0.07757206005070012,0.08088786779795495,0.09017953939496748,0.1556721324199108,0.16446392434065996,0.21983926562364864,0.3953584828196237,0.9553626208759718,1.738225382425349,3.2522848239098248,7.7922732883787305,14.659867898534598,28.369712134139313
Second Transpose (First Send),0.07710400312289722,0.08068145218465173,0.08683726595466475,0.20664427468389102,0.14817303230519221,0.1656078906477906,0.2842199204416359,0.8353895814884683,1.5040386740470426,2.2658529667956753,6.721745617137,13.477289706087417,26.514210692243378
Second Transpose (Packing),0.0791220202125276,0.08436129702937853,0.08949100153747694,0.21463162461212232,0.15157504280342549,0.16966309356544104,0.2915171081670101,0.8440996858940538,1.5162359674058148,2.2751077398492896,6.725347645626654,13.48354233067446,26.516232232676796
Second Transpose (Start Local Transpose),0.07913884791298624,0.08438238317640832,0.08950472876121833,0.2146499265165015,0.15159936889944045,0.16967823480199598,0.2915413460879755,0.844136875084196,1.5163014805412394,2.2751193242043573,6.72537830377274,13.48355029629037,26.51623034829756
Second Transpose (Start Receive),0.07925145287598605,0.08446925982337825,0.08954308069755434,0.21498853946397523,0.15166480381505787,0.16973598677924762,0.29159666024760084,0.844233841014822,1.5163799779460965,2.275044939842338,6.725330960298021,13.483523246507156,26.516052314853543
Second Transpose (First Receive),0.1551879400738864,0.24128311551845474,0.30482009418665695,0.3468424633555811,0.3740090002468733,0.622707105325945,0.9676254129164824,2.238143190855287,4.6113333593136945,10.498638552284975,23.252649630427378,55.77905900723142,113.60962031315995
Second Transpose (Finished Receive),0.4945819343676732,0.3609340270659521,0.25709532862073303,0.7230639401854104,0.44499174721500984,0.7622837685196705,0.4119906837597852,1.1388976053415503,1.596123305602219,2.3955833263739694,7.8980417516326025,15.502354318637131,23.640630496414165
Second Transpose (Unpacking),0.4947918248369269,0.3610786918528736,0.25717489543556554,0.7231512059655045,0.44508227447963816,0.7623847116074349,0.4121062303777621,1.139023924199492,1.596464446339285,2.3961428939326423,7.900014627004045,15.530079048894166,23.768173369852743
1D FFT X-Direction,0.005445303477056424,0.00934551151135837,0.006399215569767774,0.007699919185996696,0.00851297431164391,0.004814373369973125,0.01316455561188429,0.030289134415073915,0.05980260337128464,0.05885823734000298,0.1332010904589465,0.22754007933754375,0.6769695036975285
Run complete,0.5293059413440835,0.3664645051016092,0.26139701330512166,0.7527803781118884,0.4407885322419546,0.7844563921267778,0.41309529144664586,1.1400292586763527,1.5962633786061111,2.3997944567763967,8.033331578936776,17.597797747029094,29.105293559411916

Peer2Peer,Sync,Peer2Peer,MPI\_Type
,128_128_128,128_128_256,128_256_256,256_256_256,256_256_512,256_512_512,512_512_512,512_512_1024,512_1024_1024,1024_1024_1024,1024_1024_2048,1024_2048_2048,2048_2048_2048
init,28.86983298990124,29.46294744224864,32.057096117651554,30.757621728669026,38.61417807367557,38.75307079673265,34.50779293625711,32.841321218675894,42.77552971334848,42.363782954157905,40.25132559556524,41.52736763127046,59.58837498826212
1D FFT Z-Direction,0.45910285223576097,0.5463932118722392,0.9358181947356085,0.3039387632553067,0.5670499412009763,0.5168195290314295,0.39856970111532375,1.0743963295210255,1.7817401837360198,4.454055058298255,6.448590503573413,15.359227648355578,25.24552717521525
First Transpose (First Send),0.004826683289401338,0.010413829379682512,0.009593907526833539,0.008745681457169913,0.007068270507773632,0.006415505440300992,0.013591611281860117,0.030593387564871007,0.06049989828924105,0.07282129330955114,0.16155708662804555,0.22879521783427206,0.6807186818360291
First Transpose (Packing),0.0041914972213274275,0.009649404338062462,0.00894334061629909,0.008453503673606595,0.006178271006098726,0.005983138570036807,0.013209170560886314,0.030362858798566088,0.060347715894404186,0.07243624257973931,0.16078623676189027,0.2285964249805033,0.6805793040006127
First Transpose (Start Local Transpose),0.005524727975820407,0.011619865231460524,0.01057148746187936,0.009463369203382215,0.008402396545279078,0.006943547836713085,0.0144133025416515,0.030957076756590735,0.06094990500669303,0.07348193826918878,0.16258047365180414,0.22910977251397918,0.6812430592524675
First Transpose (Start Receive),0.006482205570673868,0.012693602788192837,0.011503684416583384,0.01058391486922579,0.009800448495245495,0.008103680407239267,0.015481857062131028,0.03167067838755771,0.06127342394016224,0.07405947619403018,0.16352150495183382,0.2295720669847692,0.6817824651039274
First Transpose (First Receive),0.1655540395832743,0.17764812743660413,0.23710017022453223,0.28976802398590307,0.466671792112519,0.5282449552883437,1.2607357312537126,2.0954839914357564,3.444125151420071,7.593678619204069,11.340280667733103,16.267741100230168,30.459059765923225
First Transpose (Finished Receive),0.16556332008345298,0.20627179074890004,0.23710375984941992,0.28973809549453033,0.4666474563271568,0.5282462622329634,1.2607068216140178,2.095453418834784,3.444082984824731,7.593645694304536,11.340274634958085,16.267701974840563,30.459016155806182
First Transpose (Unpacking),0.16568514973134973,0.2077971863134907,0.23717100425502455,0.28871989072365084,0.4569829470734692,0.5149679100211587,1.2462307264674655,2.082737826302575,3.4308875592153956,7.580067985940163,11.328729892788235,16.259852330875592,30.45190900575221
First Transpose (Send Complete),0.1647343843394844,0.20797328567786544,0.23754959977001192,0.27802608852363364,0.40446462403360167,0.3601889385593531,0.6590320652558284,1.0012222474385506,1.7284054303870233,2.841187261641332,6.806451041181395,13.250908958308184,25.909724947026195
1D FFT Y-Direction,0.16673309553014495,0.2101415097423986,0.2382581408419063,0.289840705972008,0.45871463454208694,0.5182737930662807,1.2493608480842644,2.086881037358754,3.4381536440471803,7.601240219985635,11.340743488247643,16.301041463672043,30.527039811907567
Second Transpose (First Send),0.1650051200783222,0.208752745763804,0.2380232323340425,0.2787744673544275,0.4055179833729743,0.3606800064988446,0.6600962145676155,1.0025319410703362,1.730191297614158,2.842701093655837,6.808436236689552,13.25347621389092,25.912511056487357
Second Transpose (Packing),0.1684155813414457,0.21336866200642612,0.24146835275102174,0.28450620053478576,0.4126151782417535,0.36714413101241483,0.6669390037429648,1.009773693701753,1.7476487150999482,2.852649294291007,6.812482391697643,13.257930163310718,25.920761471814288
Second Transpose (Start Local Transpose),0.16842585257554354,0.2134109968418788,0.241475114747878,0.2845209899103798,0.4126235101862111,0.36715631691030476,0.6669413673530663,1.0097900857288677,1.7477062010447346,2.852666932101544,6.812507007965004,13.257989077477585,25.920751595269383
Second Transpose (Start Receive),0.16853837851249548,0.21343804378654194,0.24149280099670137,0.28464730974092467,0.4126803686427095,0.36719820097110417,0.666979035586544,1.0097667273690862,1.7476801163435356,2.8524769831650127,6.812229712347394,13.257838152691685,25.920557103221757
Second Transpose (First Receive),0.25309967945113504,0.32157941191250583,0.3895458222992272,0.42693389219565475,0.6414543680755748,0.7054150426320618,1.5560245977638283,2.570999472697137,4.720754783336735,10.047345268866982,23.45849868918444,55.65656030977158,115.3409726789383
Second Transpose (Finished Receive),0.45828974566827324,0.5460046111349188,0.9356068882570194,0.30337175693550744,0.5669497062887578,0.5164779131859137,0.39880886335468624,1.0741252786389242,1.78071236444706,4.451850083667321,6.429286360581277,15.299693610776254,25.107290420353088
Second Transpose (Unpacking),0.4585663178825581,0.5460788228060066,0.9357068533638253,0.3035409186072193,0.5669551595297954,0.5166006075171699,0.3986872469571813,1.0741229794596976,1.781060825617174,4.452113714025099,6.44867556750584,15.359224064710876,25.245890640457162
1D FFT X-Direction,0.004139594719012737,0.009546595167304325,0.008873383320903956,0.008379847868625202,0.006018518519531326,0.005910433115543343,0.013138303424878912,0.030245192529713427,0.060331189981473785,0.07237744718116945,0.16068040168817066,0.2285625701723148,0.6805586957702684
Run complete,0.4915575146090537,0.5504041439414398,0.9698978609483806,0.31117761390980553,0.5626891162022742,0.5319584957622888,0.398666663465698,1.0758868257872163,1.7818806050319829,5.105818637238677,7.949626547688827,16.573121027850192,33.158773947749204

Peer2Peer,Sync,All2All,Sync
,128_128_128,128_128_256,128_256_256,256_256_256,256_256_512,256_512_512,512_512_512,512_512_1024,512_1024_1024,1024_1024_1024,1024_1024_2048,1024_2048_2048,2048_2048_2048
init,28.386341272326533,24.42552238389394,32.02462638337545,254.41676444075352,33.121199368143195,35.69781559410637,40.36802454241567,38.94309495844738,30.237501452518625,33.62949922154509,46.54747387243596,44.157463129714976,49.562591773015676
1D FFT Z-Direction,0.2579723739138803,0.5370231123804239,0.30714793345088187,0.5061295425895185,0.7795203593406231,0.37751245856832844,0.5965810749004218,1.3091662981630392,1.125310542079789,1.7114444707370458,1.8900796439686973,4.5739892105456725,11.910093597495692
First Transpose (Packing),0.010395822321123044,0.005628974009082407,0.008434420652459253,0.006277155372058204,0.008268719208995308,0.007470165213116236,0.013309640021412368,0.030413152108604104,0.059228329438795406,0.05871689516427442,0.12260074082347103,0.22834051166112776,0.6803795025820635
First Transpose (Start All2All),0.010414392925611162,0.005636430549781059,0.008443672168995567,0.006288168099083848,0.008277110511730528,0.007476840500389484,0.013315666846270257,0.030415300703443872,0.05922713876212519,0.05873454347720501,0.1225914428579386,0.22833681441377665,0.6803702533915891
First Transpose (Finished All2All),0.10670969783067026,0.08938880477132388,0.0872593469684457,0.21149997252867517,0.0917420665491033,0.10530702733733259,0.29099479343025914,0.4677214691491778,0.7271230870653763,1.0380677726087666,0.8383681132824312,1.2320677777134232,2.077725060117152
First Transpose (Unpacking),0.10745753215842327,0.08994880925584774,0.08770611593086745,0.21212686469477499,0.09238269277048668,0.10634630512142658,0.33910221560151815,0.469236611741323,0.7299323257980862,1.0428539416410059,0.8450721742806584,1.2565729202708913,2.129638709451322
First Transpose (Send Complete),0.10850842604955373,0.09117530582291444,0.08886302895484012,0.2140762063085849,0.09647389532291142,0.10926288666487942,0.34713132000236785,0.478551128375219,0.7632779466547246,1.1295950319768457,0.802734086681053,1.0342093285801317,1.516649156115735
1D FFT Y-Direction,0.10849440895499837,0.09116067308502346,0.08885726060255886,0.21406067784061725,0.09645547457685917,0.1092575815356952,0.34712310173120653,0.47854080797454507,0.7632615051450675,1.1295570517107991,0.8027098384851098,1.0341797243659885,1.5166608108684656
Second Transpose (First Send),0.1087752746099909,0.0914630964036,0.0890317886511971,0.21442165144628625,0.09681005621373592,0.10958965978778203,0.3482451968462979,0.4793858854497009,0.7645916085153763,1.1316174478354235,0.8035122138010417,1.0346823249455355,1.5148362361714534
Second Transpose (Packing),0.11152035304868585,0.1411121283215282,0.09225868604968031,0.22031137794778843,0.10200632431469826,0.11488737852450043,0.35517123362705055,0.48670453637786854,0.7759179762933549,1.1508960433749615,0.8533616760125191,1.0396675094657652,1.5300587955211977
Second Transpose (Start Local Transpose),0.11154655517699019,0.14112522004911585,0.09228123525698424,0.2203406787340873,0.10203368220494828,0.11490414924874232,0.35523732717569906,0.48673271160178955,0.7759932423371311,1.1509717586086519,0.8534373464238261,1.0397343090892737,1.5300991973031424
Second Transpose (Start Receive),0.11169466993535866,0.14135432746786936,0.09235166452906803,0.22053034113782832,0.1021161947699454,0.1150042156540371,0.3552987293347919,0.4867906362730036,0.7760734675166425,1.1511669135343507,0.8536757752783026,1.0399391268430576,1.5303937889880697
Second Transpose (First Receive),0.17946133836418593,0.22828709058961155,0.32512454206267544,0.35468589093641023,0.42596981771390113,0.5437618945527644,0.963611132191789,2.1026528759916743,4.2849432090459905,9.74824015680751,20.47400388973077,45.35882769411036,78.65032077816888
Second Transpose (Finished Receive),0.25716618622655735,0.5365255091451238,0.3064302719029981,0.505262422273569,0.7788476464165296,0.3765899249957299,0.5960682230856028,1.308537507000441,1.1233682714273798,1.7105098349649492,1.888674318933464,4.52923699996956,11.737054863162196
Second Transpose (Unpacking),0.2573594981207779,0.5366537236462757,0.30663020019858633,0.5055024675392481,0.7790034472218558,0.3767592282468544,0.5961498937013803,1.308558731524184,1.1240769349852753,1.7106973633249283,1.8884797069996708,4.5735928379748145,11.910273120849858
1D FFT X-Direction,0.010228787102511351,0.0055559476678197885,0.0082734807443299,0.0061712824639298365,0.008140077883101096,0.007368960721287474,0.01324200910334768,0.030379861611670948,0.059219009835523986,0.05869393329931575,0.12259873316630515,0.22831661938939732,0.6803477729603545
Run complete,0.2630798716284941,0.5429630381318048,0.31138596172708277,0.5213985791188376,0.8211943482554062,0.40606593681829933,0.5911557120462755,1.3087998540430694,1.1291426026320712,1.712611751831989,1.8883802764904434,6.818225638931438,17.271023681256498

Peer2Peer,Sync,All2All,MPI\_Type
,128_128_128,128_128_256,128_256_256,256_256_256,256_256_512,256_512_512,512_512_512,512_512_1024,512_1024_1024,1024_1024_1024,1024_1024_2048,1024_2048_2048,2048_2048_2048
init,24.993599649949186,35.70625713721194,31.883495945313467,27.755050430984365,37.24587154760887,28.425011896429027,34.13471465168204,33.69326899170789,39.03961107047417,32.245117113163644,39.661372409665084,36.03648186249689,44.63655266884803
1D FFT Z-Direction,0.8019361482125352,1.0547847667795485,1.0081216670973163,0.33724929704259005,1.273585867796449,0.3080721538372514,0.5605116922012942,1.4716074794348635,1.3739169948454761,6.300202993725178,3.091937151107929,9.2441241853301,28.958798237039673
First Transpose (Packing),0.010035406159877358,0.008831425478528,0.006465740265782217,0.011683974359634494,0.00815037736108214,0.00598840866472572,0.013029247708669069,0.030443585993788738,0.059977311964195514,0.14904157520239059,0.18939448839699613,0.23060764824560884,0.6778001040193673
First Transpose (Start All2All),0.010040227653320388,0.008844482863773312,0.006470140511528298,0.011702172132708487,0.008161553786951681,0.006001726626291829,0.013033315672015142,0.030441555106841836,0.05997349365714002,0.1490505963740531,0.18939761649790082,0.23060633710366582,0.6777998171895592
First Transpose (Finished All2All),0.2620834569103425,0.2901239939806141,0.36284906679312906,0.4029357824240282,0.6682508157504083,0.3138097179399217,0.6382218721486922,1.252127182947402,1.3128162384153628,2.505447255375544,2.8700533971328803,5.271407718491073,17.593957774384663
First Transpose (Unpacking),0.2621013691812645,0.2901707307070469,0.36285493744687414,0.40292891708275586,0.6682488244361601,0.31381015035584936,0.6382231916647727,1.2521786540197855,1.3128551280973721,2.5055030866899535,2.8700663282438774,5.271399337912413,17.59391629297442
First Transpose (Send Complete),0.2635604543969932,0.29138584985991844,0.3649471583430922,0.40455354614233036,0.671375012977526,0.3180401873756661,0.6452603410034436,1.2577239727518428,1.3281555295053904,2.5495964209145145,2.8633858963738397,5.32610822168515,17.65065367511361
1D FFT Y-Direction,0.2635582173853722,0.29137824594890577,0.3649464793211606,0.40454265374515647,0.6713705027642396,0.3180347391782314,0.6452513077646651,1.2577048016617418,1.3281278134710883,2.549571425576175,2.863372268121154,5.326108964990046,17.650667738489993
Second Transpose (First Send),0.26405661839897576,0.2917032356582602,0.36547661705136286,0.4054490061782242,0.672519277546234,0.3187071423677051,0.6465946807922907,1.2594456302304227,1.3297887276598943,2.5513637088734624,2.864486783841181,5.326833178937662,17.65106063904111
Second Transpose (Packing),0.2676252983980511,0.29547290969027235,0.3704246231004872,0.4117749566785383,0.6794518978648089,0.3262324919580522,0.6560332444187377,1.2710969470142306,1.3416831148377626,2.5719134237476475,2.876771265652556,5.334060542319534,17.66000948439757
Second Transpose (Start Local Transpose),0.26764388850085774,0.2954999332817586,0.3704473391912034,0.411800111872975,0.6794636382760131,0.32624908021715154,0.6560639408516132,1.2711613941966307,1.3417104213563489,2.5719402994078355,2.876714299436762,5.334099209006434,17.66013035594385
Second Transpose (Start Receive),0.2677800565825621,0.2955559212848167,0.370566098323008,0.41184663454150167,0.6795188614882336,0.3263254959269473,0.6561953268466041,1.2712197097902334,1.341824995564209,2.572164946573529,2.876909676086064,5.33419211437979,17.660311738780635
Second Transpose (First Receive),0.3276641297892235,0.40919042612847334,0.5025603218307254,0.5659419711461559,0.8998858212485561,0.6879775348648727,1.4152797855913424,2.400606670807547,4.638339729409058,9.399254679888596,20.403383009287115,42.71357380302891,78.42490152506574
Second Transpose (Finished Receive),0.8015319870793143,1.0541400230671008,1.0079532351317502,0.3371409015940779,1.273570960511385,0.30773922714343116,0.5604002686020585,1.4708372026031675,1.3728130770115536,6.299351663457886,3.0917684698428918,9.210566133026704,28.871992089071554
Second Transpose (Unpacking),0.8016344393215121,1.0543616152507798,1.0079982207804332,0.3371389112415824,1.273619692908793,0.3077860928218759,0.5603633372807425,1.4710431839500395,1.3730023708875883,6.299490807307186,3.0915987239500553,9.245279873616438,28.95860620398917
1D FFT X-Direction,0.009919205089873878,0.0087254707201497,0.00633841938481592,0.011503467009686998,0.00795385232927057,0.005863595678961837,0.012995234537331935,0.030409161670256472,0.059945683318895666,0.14894002406252704,0.18924622692408247,0.2305545017761133,0.6777832145672616
Run complete,0.8178715384744565,1.0533833595399493,1.0048489698143246,0.33156475865605567,1.2630970369222394,0.3235524891318238,0.5621918749173197,1.4824360973088986,1.3764625252521798,6.300998659030798,3.0902826174780866,10.87394008088515,51.51421788574065

Peer2Peer,Streams,Peer2Peer,Sync
,128_128_128,128_128_256,128_256_256,256_256_256,256_256_512,256_512_512,512_512_512,512_512_1024,512_1024_1024,1024_1024_1024,1024_1024_2048,1024_2048_2048,2048_2048_2048
init,25.332134661983115,33.96305063566958,36.79841645443523,32.389256834479625,38.647701348984604,31.406593484677423,26.469696781690452,28.039402681069323,32.19240947285105,38.27933675600993,44.026957228594405,43.94908749081868,52.87672247395931
1D FFT Z-Direction,0.24517482642503063,0.3828792879292792,0.22025438269828657,0.19576475351351705,0.5972135390456118,0.6812363581545452,0.5957973366390479,0.7965052378354857,1.4767468742633125,1.9327454729046258,7.8397690807966,14.071486062363766,24.3400816279301
First Transpose (First Send),0.008129403374686147,0.007477159975390021,0.009894457685391775,0.00633508910503067,0.009545069315278336,0.006493094901520793,0.013171225306582967,0.029973446323584025,0.1769567420351563,0.059420258795108934,0.12041381780532909,0.23213213019100246,0.6810241347550875
First Transpose (Packing),0.007408208400837814,0.006811331979707231,0.009299117601292345,0.005831927069683397,0.008927910730175254,0.00586808122159418,0.012942714310200071,0.029861976892060913,0.17605887042750326,0.05926300848173662,0.12022345530711476,0.2319021765096721,0.6808924189399875
First Transpose (Start Local Transpose),0.00887532875828691,0.008173580665615972,0.010711489051626945,0.00710978859454483,0.010560555313283364,0.007773401640440186,0.013524619168484945,0.030165036827026835,0.17810225372069072,0.05985913376362188,0.12060525501727698,0.23238065368678204,0.6811672901185307
First Transpose (Start Receive),0.010176820304932685,0.008970652512582956,0.01190683433142927,0.00818851347125482,0.011830636644042526,0.00927859719876356,0.01437758349768663,0.030782471519973775,0.17930198346753237,0.06018420253398639,0.12072681244883372,0.23291246034053478,0.6815150750479666
First Transpose (First Receive),0.06704786939223893,0.056216097126409695,0.08440206088889184,0.10063409463427908,0.15134864625769368,0.28498445119275667,0.48272892401572337,1.0262109735248879,2.233725732833693,4.071935846503641,6.415946325510532,8.423546954209769,11.955791323388157
First Transpose (Finished Receive),0.08077774898405987,0.06972939241784767,0.09276893120254685,0.09939515630216136,0.127862854875812,0.2828254316553451,0.49285156417953296,0.8847614920898872,1.7251694497465453,2.9850033086842203,7.72781741114608,14.553856099598269,28.313686647593205
First Transpose (Unpacking),0.08136589206141312,0.07007703535538436,0.09412392841231815,0.09886061697470452,0.12656119035645177,0.28091241428109986,0.49055493390708393,0.8840161185067316,1.7231075997070333,2.978360523975268,7.713890926968858,14.524787810567789,28.239133038787244
First Transpose (Send Complete),0.08376347963916052,0.07591566966116223,0.09562202756192083,0.08948293137317846,0.11097568152131432,0.24651715718383435,0.44116471670522567,0.7377427846744706,1.473406910638165,2.274907696101083,6.718872254743386,13.50127943347934,26.61476948482635
1D FFT Y-Direction,0.08408992268839677,0.0769600658336456,0.1010903936754154,0.10216063752265571,0.1329739590409976,0.287465648864627,0.4979305701626858,0.8878668772949211,1.7402323616729436,3.0126456913873647,7.725981940653749,14.582569191032892,28.307717578217737
Second Transpose (First Send),0.12916571685968675,0.10879478432391075,0.1199806756100459,0.12223278419241972,0.15048145103527732,0.2550892720871772,0.4529196635694311,0.736621629029076,1.4768816480273492,2.2754952373544155,6.718669659848978,13.499085806231973,26.613931167834867
Second Transpose (Packing),0.13344344694285226,0.11199968578292709,0.1218056731202485,0.12237010591311506,0.15069612634417762,0.25602148245888373,0.457188269423992,0.7402175819910254,1.4803690145981028,2.290733845806763,6.730482908654768,13.522925385329488,26.645030073736823
Second Transpose (Start Local Transpose),0.1310103687377534,0.10875277159167315,0.12096071541310614,0.12358120686898953,0.1529384611748809,0.2566937757940093,0.45175387877448575,0.7410214850677538,1.4824304911878121,2.281185472716792,6.720670325539826,13.502595891456465,26.617024629750926
Second Transpose (Start Receive),0.13125412912683124,0.10888078418661475,0.12109245705730674,0.12374799308715434,0.1532184080001622,0.25680300660067035,0.4519249107965605,0.7411022525804419,1.4824219312028488,2.281289996503117,6.720898117920397,13.50256090188117,26.6171124047202
Second Transpose (First Receive),0.22703278028077456,0.29593904362150086,0.3729009132248571,0.329378408889387,0.4425790296797251,0.6087270981473762,1.0669973382459934,2.299769552779483,4.6940400891317395,10.24082559997418,22.380280694948112,54.50653701088285,119.60365297729209
Second Transpose (Finished Receive),0.244648476170349,0.38233103073089597,0.2200909960269078,0.19532131989687168,0.5972038590975906,0.6808254120235246,0.5955713040120603,0.7961074228216288,1.475587722299219,1.932284399976874,7.835486474863646,14.032722142385776,24.216884774047916
Second Transpose (Unpacking),0.24482073231631626,0.3824609695472211,0.2200974288998858,0.19540783629353015,0.5972776092835098,0.6809334686531859,0.5955948733541933,0.7961482416772095,1.4759498436322442,1.9325973302664563,7.8396249209162185,14.071690606067095,24.341031757629178
1D FFT X-Direction,0.007296431452789397,0.006753967010967997,0.009207042722013111,0.005748248840410289,0.008802646924984996,0.0057380815436701,0.012869950449872158,0.02983417454117554,0.1759297896390312,0.05924150984311729,0.12019102212133172,0.23184209265561942,0.6808825408604534
Run complete,0.2500433206004885,0.38384569492383125,0.22534794831888336,0.2106283625051525,0.5880093189244711,0.7242072644962202,0.5938454178524156,0.8061446305854691,1.4904619309388727,1.938707440033978,8.554020797481705,14.914772409066341,32.29008371570182

Peer2Peer,Streams,Peer2Peer,MPI\_Type
,128_128_128,128_128_256,128_256_256,256_256_256,256_256_512,256_512_512,512_512_512,512_512_1024,512_1024_1024,1024_1024_1024,1024_1024_2048,1024_2048_2048,2048_2048_2048
1D FFT X-Direction,0.004139594719012737,0.009546595167304325,0.008873383320903956,0.008379847868625202,0.006018518519531326,0.005910433115543343,0.013138303424878912,0.030245192529713427,0.060331189981473785,0.07237744718116945,0.16068040168817066,0.2285625701723148,0.6805586957702684
First Transpose (First Send),0.004826683289401338,0.010413829379682512,0.009593907526833539,0.008745681457169913,0.007068270507773632,0.006415505440300992,0.013591611281860117,0.030593387564871007,0.06049989828924105,0.07282129330955114,0.16155708662804555,0.22879521783427206,0.6807186818360291
First Transpose (Packing),0.0041914972213274275,0.009649404338062462,0.00894334061629909,0.008453503673606595,0.006178271006098726,0.005983138570036807,0.013209170560886314,0.030362858798566088,0.060347715894404186,0.07243624257973931,0.16078623676189027,0.2285964249805033,0.6805793040006127
First Transpose (Start Local Transpose),0.005524727975820407,0.011619865231460524,0.01057148746187936,0.009463369203382215,0.008402396545279078,0.006943547836713085,0.0144133025416515,0.030957076756590735,0.06094990500669303,0.07348193826918878,0.16258047365180414,0.22910977251397918,0.6812430592524675
First Transpose (Start Receive),0.006482205570673868,0.012693602788192837,0.011503684416583384,0.01058391486922579,0.009800448495245495,0.008103680407239267,0.015481857062131028,0.03167067838755771,0.06127342394016224,0.07405947619403018,0.16352150495183382,0.2295720669847692,0.6817824651039274
First Transpose (First Receive),0.1655540395832743,0.17764812743660413,0.23710017022453223,0.28976802398590307,0.466671792112519,0.5282449552883437,1.2607357312537126,2.0954839914357564,3.444125151420071,7.593678619204069,11.340280667733103,16.267741100230168,30.459059765923225
First Transpose (Finished Receive),0.16556332008345298,0.20627179074890004,0.23710375984941992,0.28973809549453033,0.4666474563271568,0.5282462622329634,1.2607068216140178,2.095453418834784,3.444082984824731,7.593645694304536,11.340274634958085,16.267701974840563,30.459016155806182
First Transpose (Unpacking),0.16568514973134973,0.2077971863134907,0.23717100425502455,0.28871989072365084,0.4569829470734692,0.5149679100211587,1.2462307264674655,2.082737826302575,3.4308875592153956,7.580067985940163,11.328729892788235,16.259852330875592,30.45190900575221
First Transpose (Send Complete),0.1647343843394844,0.20797328567786544,0.23754959977001192,0.27802608852363364,0.40446462403360167,0.3601889385593531,0.6590320652558284,1.0012222474385506,1.7284054303870233,2.841187261641332,6.806451041181395,13.250908958308184,25.909724947026195
1D FFT Y-Direction,0.16673309553014495,0.2101415097423986,0.2382581408419063,0.289840705972008,0.45871463454208694,0.5182737930662807,1.2493608480842644,2.086881037358754,3.4381536440471803,7.601240219985635,11.340743488247643,16.301041463672043,30.527039811907567
Second Transpose (First Send),0.22547177277177244,0.24668275487320956,0.2827874591027485,0.31661736281878006,0.4455916304077597,0.5055465527332558,0.91328297473938,1.4454486602638623,2.7091498036076986,4.292485137623138,11.688094034090202,23.239975304769104,45.69421335100592
Second Transpose (Packing),0.22794931769355847,0.24811288977242624,0.28356658214645536,0.31667040235562804,0.4456641745517619,0.5060175685951598,0.9154073869047972,1.4472845172231288,2.7110525032706048,4.300582708635837,11.694888641421676,23.253830771282676,45.71233344723648
Second Transpose (Start Local Transpose),0.2265335617999486,0.24666422883065225,0.28320465952945767,0.3171403720721856,0.4464273814298396,0.5063580499783703,0.9127053945763425,1.4476958404434144,2.712178721491449,4.295504305949075,11.689244191826576,23.24201433547104,45.696015162175385
Second Transpose (Start Receive),0.22667462213007417,0.24672069556654933,0.2832609532959339,0.31720540143570497,0.4465233639283247,0.5064134323313874,0.9127900609118417,1.4477371839822826,2.7121740427595786,4.295559815628005,11.689375161360239,23.24199400807242,45.69606628941386
Second Transpose (First Receive),0.2927415604709852,0.36958895275069886,0.4523587907732953,0.44022248596521346,0.6097404624067604,0.7490363544351089,1.3294483405251214,2.614507678511709,5.214626124132349,10.868397262272824,24.338200100587283,57.69604589121343,125.23854680997184
Second Transpose (Finished Receive),0.3066049816905179,0.4418066245717679,0.3376587493876946,0.3513632293128358,0.7297668691471392,0.8087212263218487,0.9917937025730655,1.4766507487475975,2.708444642651544,4.120834027704452,12.36389374142834,23.55394712755525,44.3409213900716
Second Transpose (Unpacking),0.30674244713907206,0.4419190759434923,0.3376629424652428,0.3514113307675315,0.7298272237558612,0.8088121963586924,0.991807856122728,1.4766727558368702,2.7086419469958924,4.120980771909272,12.366516852057025,23.577184120991657,44.408846287501184
1D FFT Z-Direction,0.307025134830217,0.44228116123228856,0.33776526997864786,0.35160992537910024,0.7297747907424231,0.8090672134737512,0.9919294514465973,1.4768652609512176,2.709076334611876,4.121050247755568,12.366608241218533,23.577062042705023,44.40832551690387
Run complete,0.3109266795916486,0.44311803615663026,0.3411086078032563,0.3600972202037809,0.722261859110519,0.8455666397130452,0.9907582705207535,1.4820862223659348,2.7165768944916113,4.123849732899589,12.831301257289118,24.089864478168217,49.21696158772936

Peer2Peer,Streams,All2All,Sync
,128_128_128,128_128_256,128_256_256,256_256_256,256_256_512,256_512_512,512_512_512,512_512_1024,512_1024_1024,1024_1024_1024,1024_1024_2048,1024_2048_2048,2048_2048_2048
1D FFT X-Direction,0.010228787102511351,0.0055559476678197885,0.0082734807443299,0.0061712824639298365,0.008140077883101096,0.007368960721287474,0.01324200910334768,0.030379861611670948,0.059219009835523986,0.05869393329931575,0.12259873316630515,0.22831661938939732,0.6803477729603545
First Transpose (Packing),0.010395822321123044,0.005628974009082407,0.008434420652459253,0.006277155372058204,0.008268719208995308,0.007470165213116236,0.013309640021412368,0.030413152108604104,0.059228329438795406,0.05871689516427442,0.12260074082347103,0.22834051166112776,0.6803795025820635
First Transpose (Start All2All),0.010414392925611162,0.005636430549781059,0.008443672168995567,0.006288168099083848,0.008277110511730528,0.007476840500389484,0.013315666846270257,0.030415300703443872,0.05922713876212519,0.05873454347720501,0.1225914428579386,0.22833681441377665,0.6803702533915891
First Transpose (Finished All2All),0.10670969783067026,0.08938880477132388,0.0872593469684457,0.21149997252867517,0.0917420665491033,0.10530702733733259,0.29099479343025914,0.4677214691491778,0.7271230870653763,1.0380677726087666,0.8383681132824312,1.2320677777134232,2.077725060117152
First Transpose (Unpacking),0.10745753215842327,0.08994880925584774,0.08770611593086745,0.21212686469477499,0.09238269277048668,0.10634630512142658,0.33910221560151815,0.469236611741323,0.7299323257980862,1.0428539416410059,0.8450721742806584,1.2565729202708913,2.129638709451322
First Transpose (Send Complete),0.10850842604955373,0.09117530582291444,0.08886302895484012,0.2140762063085849,0.09647389532291142,0.10926288666487942,0.34713132000236785,0.478551128375219,0.7632779466547246,1.1295950319768457,0.802734086681053,1.0342093285801317,1.516649156115735
1D FFT Y-Direction,0.10849440895499837,0.09116067308502346,0.08885726060255886,0.21406067784061725,0.09645547457685917,0.1092575815356952,0.34712310173120653,0.47854080797454507,0.7632615051450675,1.1295570517107991,0.8027098384851098,1.0341797243659885,1.5166608108684656
Second Transpose (First Send),0.18834590905270096,0.16097338409839976,0.1773007969241102,0.2622530660374506,0.2103983875260902,0.3711867776770981,0.7212923694591777,1.1471211893962587,2.2214185896507064,3.4101420113052967,9.535625222692811,19.120132135532636,37.66891970311124
Second Transpose (Packing),0.19130486814768033,0.16315653498244892,0.17854084147432017,0.2623170980622494,0.21055198137998274,0.3718280337317052,0.7239803687194102,1.1494336290091212,2.2237386464123685,3.4203291529283186,9.543952355977794,19.136970665531237,37.69089819868359
Second Transpose (Start Local Transpose),0.18961570547244666,0.16094499253122266,0.17796545941089792,0.2628842555304687,0.21216264344704233,0.3722912592577573,0.7205609117763613,1.149951494690301,2.2251115274001645,3.4139415816590715,9.537034969741471,19.12261046730261,37.671105366500164
Second Transpose (Start Receive),0.18978420760920656,0.16103152007323554,0.17805502864636308,0.2629627025030568,0.21236453309816217,0.3723665819961366,0.7206681521967426,1.1500035424242148,2.2251058245119353,3.4140114250236335,9.53719549453329,19.122585760958803,37.6711673851329
Second Transpose (First Receive),0.2652061129895576,0.31883544789062157,0.3950889787807474,0.4028969512879404,0.46636789327755324,0.6657760638587625,1.2056574059060987,2.462156695805525,4.9787080157950285,10.551099418123838,23.38085948749847,56.16330396437657,122.53848368943407
Second Transpose (Finished Receive),0.2804340848354303,0.4003163028803024,0.2558911030149306,0.30329232618196733,0.6150408634301879,0.7322788600289808,0.8184324277268187,1.1861967069083161,2.2205585500873317,3.1913810434419605,10.352896922468187,19.500549376918034,36.015325731592434
Second Transpose (Unpacking),0.2805843723675802,0.40044040570227807,0.25589663592634776,0.3033480502649256,0.615112475015197,0.7323793251590333,0.81844957923991,1.1862241025768065,2.220799200532052,3.1915705229557036,10.356029417210573,19.528610083390248,36.098919740334374
1D FFT Z-Direction,0.28089338646104756,0.40083996110322706,0.25603164485642155,0.3035780885255404,0.6150502626511761,0.7326609467277544,0.8185969258055953,1.1864637342573103,2.221328989324233,3.1916602302062222,10.356138548208714,19.528462696267518,36.09827908706301
Run complete,0.2851526980793452,0.40176316755467223,0.26042639628426995,0.31336899049876443,0.6061169635556463,0.7727776194594663,0.8171773619579157,1.1929563127919733,2.230470335096118,3.1952740884139827,10.906828053711568,20.14459161389133,41.87237377747078

Peer2Peer,Streams,All2All,MPI\_Type
,128_128_128,128_128_256,128_256_256,256_256_256,256_256_512,256_512_512,512_512_512,512_512_1024,512_1024_1024,1024_1024_1024,1024_1024_2048,1024_2048_2048,2048_2048_2048
1D FFT X-Direction,0.009919205089873878,0.0087254707201497,0.00633841938481592,0.011503467009686998,0.00795385232927057,0.005863595678961837,0.012995234537331935,0.030409161670256472,0.059945683318895666,0.14894002406252704,0.18924622692408247,0.2305545017761133,0.6777832145672616
First Transpose (Packing),0.010035406159877358,0.008831425478528,0.006465740265782217,0.011683974359634494,0.00815037736108214,0.00598840866472572,0.013029247708669069,0.030443585993788738,0.059977311964195514,0.14904157520239059,0.18939448839699613,0.23060764824560884,0.6778001040193673
First Transpose (Start All2All),0.010040227653320388,0.008844482863773312,0.006470140511528298,0.011702172132708487,0.008161553786951681,0.006001726626291829,0.013033315672015142,0.030441555106841836,0.05997349365714002,0.1490505963740531,0.18939761649790082,0.23060633710366582,0.6777998171895592
First Transpose (Finished All2All),0.2620834569103425,0.2901239939806141,0.36284906679312906,0.4029357824240282,0.6682508157504083,0.3138097179399217,0.6382218721486922,1.252127182947402,1.3128162384153628,2.505447255375544,2.8700533971328803,5.271407718491073,17.593957774384663
First Transpose (Unpacking),0.2621013691812645,0.2901707307070469,0.36285493744687414,0.40292891708275586,0.6682488244361601,0.31381015035584936,0.6382231916647727,1.2521786540197855,1.3128551280973721,2.5055030866899535,2.8700663282438774,5.271399337912413,17.59391629297442
First Transpose (Send Complete),0.2635604543969932,0.29138584985991844,0.3649471583430922,0.40455354614233036,0.671375012977526,0.3180401873756661,0.6452603410034436,1.2577239727518428,1.3281555295053904,2.5495964209145145,2.8633858963738397,5.32610822168515,17.65065367511361
1D FFT Y-Direction,0.2635582173853722,0.29137824594890577,0.3649464793211606,0.40454265374515647,0.6713705027642396,0.3180347391782314,0.6452513077646651,1.2577048016617418,1.3281278134710883,2.549571425576175,2.863372268121154,5.326108964990046,17.650667738489993
Second Transpose (First Send),0.3052281377184718,0.3201643445088411,0.39588554287520256,0.43198567133054566,0.6969251588552217,0.4764355216667981,0.903395503965638,1.6336295272574408,2.473075906063545,4.1053045575867655,9.923847296552294,19.821132478594855,41.571539087403266
Second Transpose (Packing),0.30706283913101473,0.3212675396210517,0.3964424580465967,0.4320245473635249,0.6969715434900006,0.4769352881182023,0.9055431125221963,1.635254132134379,2.4751600865912096,4.113770592491113,9.931848939185846,19.83737598845127,41.591455342649226
Second Transpose (Start Local Transpose),0.3060133172919305,0.320150070634945,0.3961836634832401,0.4323691494483245,0.697459807333895,0.4772965159136752,0.9028115982447695,1.6356181856735208,2.476393586664968,4.108461280851284,9.925201901810595,19.8235231716759,41.573519577130014
Second Transpose (Start Receive),0.3061177552120303,0.32019357826755646,0.3962239060101327,0.4324168503846375,0.6975212473393176,0.4773552699731009,0.9028971923402805,1.6356547792103704,2.476388462455604,4.108519317645376,9.925356148702122,19.82349933889081,41.573575774219314
Second Transpose (First Receive),0.35780485877811674,0.4221952391232026,0.5304574362017024,0.529302279369715,0.8117488573764304,0.7297047002663979,1.3226755213435823,2.7230633492200407,5.095972664099363,10.79583974984839,23.54186031629149,56.405802467908714,123.7938824635602
Second Transpose (Finished Receive),0.3692334092896842,0.4866681820896441,0.4367723057496516,0.4580624244682461,0.9053797320797214,0.7908498664278513,0.9826964908353486,1.6613010072366825,2.4723034120172716,3.9254770331405617,10.711539173474753,20.188344802271395,40.07928440040764
Second Transpose (Unpacking),0.369347566142119,0.4867702698662789,0.43677554733076696,0.45809932240551354,0.9054283806525607,0.7909428919359522,0.9827107754081462,1.6613205683129408,2.4725195602441836,3.9256310800014145,10.714566816617632,20.21545081473256,40.15441889649454
1D FFT Z-Direction,0.3695823712729728,0.48709901613934875,0.4368546596244042,0.4582516834902843,0.9053861171671885,0.791203668623709,0.9828334962157452,1.6614916797484374,2.4729954236752056,3.925704013085215,10.714672295844025,20.21530843527479,40.153842948633766
Run complete,0.37282984834925476,0.4878590164281568,0.43944476143115063,0.46479573340885294,0.8993414085216547,0.8284904534881777,0.9816514632199111,1.6661342002959136,2.4812097457591284,3.9286427011581417,11.247821787833528,20.81111268395424,45.41520710352731

Peer2Peer,MPI\_Type,Peer2Peer,Sync
,128_128_128,128_128_256,128_256_256,256_256_256,256_256_512,256_512_512,512_512_512,512_512_1024,512_1024_1024,1024_1024_1024,1024_1024_2048,1024_2048_2048,2048_2048_2048
init,30.076748767645206,35.824160761486915,29.0146188739892,33.698140289582206,32.361687631853314,34.35259753275047,35.79334815276024,41.68443490820783,41.96636864124139,44.0660115133948,42.41897975194637,40.973560587140156,52.96347554073314
1D FFT Z-Direction,1.5468253324891839,1.457975516755603,3.1959739027401866,5.814806679251281,9.419702439090376,17.302030125352296,28.645210706360203,37.78443257618264,62.15754804239532,65.11942464551234,72.36548288320388,104.53784822527508,142.51821375224168
First Transpose (First Send),0.0077012712558666525,0.011215264064219367,0.014026565918378501,0.012928140193609215,0.011802255248773175,0.013731833531354886,0.018052175855696698,0.03196685398854514,0.06160709247022605,0.06355698103031394,0.12072901015938141,0.2335003608901135,0.7159666396651813
First Transpose (Packing),0.0068134163271529975,0.009995207951390975,0.01289957436222299,0.011676504611556122,0.010968651638666022,0.012774117850009535,0.017572978208243082,0.03147388489366521,0.06144066068023266,0.06338005048507382,0.12050402740331795,0.2332834011213174,0.7157942632063717
First Transpose (Start Local Transpose),0.008732892868873637,0.012649474151750207,0.015381641760644873,0.014593726707029782,0.013025546872406906,0.015373732692937162,0.019151549007329946,0.03293614005207859,0.06188765140004099,0.06395792624042247,0.12097975476348491,0.2336861813299738,0.716223942856497
First Transpose (Start Receive),0.009712478162583166,0.013844735503191348,0.016696829547523127,0.015997322331680823,0.0143256822002333,0.017058480212071077,0.02060295000308588,0.03397164684451301,0.06238385256745039,0.06449307209221089,0.12148254507564103,0.23442757954541038,0.7168442139927688
First Transpose (First Receive),0.14010187759268272,0.0663789458287983,0.10826311815286824,0.16166080243271558,0.15784682249287563,0.29958100423332834,0.5171721358169479,1.141768233513299,2.223561096511151,3.3621039899408562,5.802944501355688,8.261533081291892,8.965389517239318
First Transpose (Finished Receive),0.2225297435449374,0.08038894017047345,0.1274881853972851,0.22490846937063716,0.12483989141359997,0.19019306770731878,0.3572292378186474,0.5360796511326774,0.8545690270515224,1.1271844909288904,1.9222945222801908,2.3637939632780722,3.4610888597218246
First Transpose (Unpacking),0.22279242504270208,0.08097913222811003,0.1272131303954276,0.22427027567946115,0.12286706360584862,0.18807078356467047,0.3551593331040397,0.534913451275757,0.8530988782697153,1.127551202206765,1.9219640819700856,2.362663837586065,3.436366339627375
First Transpose (Send Complete),0.22342274993821304,0.08250299167228552,0.12605494067717518,0.2201949905117605,0.09762443320711786,0.13207678123894426,0.2508903501651576,0.2812359692117562,0.3738805216413507,0.6175197952353828,0.5939138504286375,0.9405152980099556,1.4169437027353677
1D FFT Y-Direction,0.22341537636475406,0.08247587077587579,0.12603818302931769,0.22018800608644665,0.09762002764314756,0.1320745602577609,0.25088492655263367,0.2812409599765833,0.37386732769725756,0.6175161812658188,0.5939099806937996,0.9405234561842557,1.416966172767026
Second Transpose (First Send),0.22361933563243136,0.08268924472342086,0.1262067848397458,0.2204888680065837,0.09783344244607191,0.1322384769877353,0.25112758335224333,0.28145701728393524,0.3739066437490237,0.6174618819735285,0.5938896334758563,0.9403727290741553,1.416865506520935
Second Transpose (Packing),0.22344200051955276,0.08251300575181376,0.1260706646532546,0.22022197542646066,0.09763778499525616,0.13208429551310766,0.2508770870081348,0.2812225965386121,0.37384618013802834,0.6174781289308844,0.5938467252636132,0.940444887840601,1.4168926277766773
Second Transpose (Start Receive),0.23913743912875784,0.10160638689422527,0.2632222920147197,0.3471986914038622,0.318350777511518,0.5643457763411951,1.1070841529218003,0.8421267691223264,1.930757371451583,2.8301189123661197,1.9573122706183703,3.405912808357309,6.173528463919236
Second Transpose (First Receive),1.5451588352641885,1.4560544887689348,3.1933292667186897,5.813657039402346,9.419767815835385,17.30027934648595,28.643707862155644,37.783490759347885,62.15598685407164,65.11742598284636,72.36417438806954,104.53402590357511,142.50261666638625
Second Transpose (Finished Receive),1.5452063714017958,1.4560845290611555,3.193377392233852,5.81368298463144,9.419803759446825,17.300307489577296,28.6437463750027,37.78351444619379,62.15594653510643,65.11731455334497,72.36402163875714,104.53415878739752,142.50216027299686
Second Transpose (Unpacking),1.5452149661777408,1.4560890160446274,3.1933791438567765,5.81369400213538,9.419796138168497,17.300332565168084,28.64371971333599,37.783536332017256,62.15603813033793,65.11738688590296,72.36400436988905,104.53411003727952,142.50196638356914
1D FFT X-Direction,0.006723947400053412,0.009820723961718566,0.012794658892653351,0.011521669722689127,0.010879326912678155,0.01262831803817331,0.017507961020361756,0.031411939283500334,0.06142250826134679,0.06335494230021652,0.12044284421620205,0.23322924442547496,0.7157186817237374
Run complete,1.8698837211992632,1.6702090220295058,4.774354185003618,7.056318568870367,11.57339197544546,22.11234138439376,28.682759591292758,38.43690919984287,62.514179082201665,64.47277862864226,72.06148011392415,104.12487880230339,140.47392328452668

Peer2Peer,MPI\_Type,Peer2Peer,MPI\_Type
,128_128_128,128_128_256,128_256_256,256_256_256,256_256_512,256_512_512,512_512_512,512_512_1024,512_1024_1024,1024_1024_1024,1024_1024_2048,1024_2048_2048,2048_2048_2048
1D FFT X-Direction,0.004139594719012737,0.009546595167304325,0.008873383320903956,0.008379847868625202,0.006018518519531326,0.005910433115543343,0.013138303424878912,0.030245192529713427,0.060331189981473785,0.07237744718116945,0.16068040168817066,0.2285625701723148,0.6805586957702684
First Transpose (First Send),0.004826683289401338,0.010413829379682512,0.009593907526833539,0.008745681457169913,0.007068270507773632,0.006415505440300992,0.013591611281860117,0.030593387564871007,0.06049989828924105,0.07282129330955114,0.16155708662804555,0.22879521783427206,0.6807186818360291
First Transpose (Packing),0.0041914972213274275,0.009649404338062462,0.00894334061629909,0.008453503673606595,0.006178271006098726,0.005983138570036807,0.013209170560886314,0.030362858798566088,0.060347715894404186,0.07243624257973931,0.16078623676189027,0.2285964249805033,0.6805793040006127
First Transpose (Start Local Transpose),0.005524727975820407,0.011619865231460524,0.01057148746187936,0.009463369203382215,0.008402396545279078,0.006943547836713085,0.0144133025416515,0.030957076756590735,0.06094990500669303,0.07348193826918878,0.16258047365180414,0.22910977251397918,0.6812430592524675
First Transpose (Start Receive),0.006482205570673868,0.012693602788192837,0.011503684416583384,0.01058391486922579,0.009800448495245495,0.008103680407239267,0.015481857062131028,0.03167067838755771,0.06127342394016224,0.07405947619403018,0.16352150495183382,0.2295720669847692,0.6817824651039274
First Transpose (First Receive),0.1655540395832743,0.17764812743660413,0.23710017022453223,0.28976802398590307,0.466671792112519,0.5282449552883437,1.2607357312537126,2.0954839914357564,3.444125151420071,7.593678619204069,11.340280667733103,16.267741100230168,30.459059765923225
First Transpose (Finished Receive),0.16556332008345298,0.20627179074890004,0.23710375984941992,0.28973809549453033,0.4666474563271568,0.5282462622329634,1.2607068216140178,2.095453418834784,3.444082984824731,7.593645694304536,11.340274634958085,16.267701974840563,30.459016155806182
First Transpose (Unpacking),0.16568514973134973,0.2077971863134907,0.23717100425502455,0.28871989072365084,0.4569829470734692,0.5149679100211587,1.2462307264674655,2.082737826302575,3.4308875592153956,7.580067985940163,11.328729892788235,16.259852330875592,30.45190900575221
First Transpose (Send Complete),0.1647343843394844,0.20797328567786544,0.23754959977001192,0.27802608852363364,0.40446462403360167,0.3601889385593531,0.6590320652558284,1.0012222474385506,1.7284054303870233,2.841187261641332,6.806451041181395,13.250908958308184,25.909724947026195
1D FFT Y-Direction,0.16673309553014495,0.2101415097423986,0.2382581408419063,0.289840705972008,0.45871463454208694,0.5182737930662807,1.2493608480842644,2.086881037358754,3.4381536440471803,7.601240219985635,11.340743488247643,16.301041463672043,30.527039811907567
Second Transpose (First Send),0.3564558175178969,0.23853121888644688,0.2970653344966472,0.4176118780171972,0.4274266539589016,0.4057922650802861,0.7485548035793343,1.0773846628399477,1.807478396687999,2.9723618435363504,6.858076576889497,13.31748692947544,25.98709456924421
Second Transpose (Packing),0.3563445946971022,0.23847018117308313,0.29700753004954666,0.41747102678743864,0.4273819124769246,0.40574204702513555,0.7484708034566512,1.077323446300273,1.8074658897633324,2.9723652186312006,6.858072861295408,13.31749202493579,25.987096047960435
Second Transpose (Start Receive),0.3663903074137232,0.2457305211979644,0.3763052423678168,0.49631771181248413,0.523898253094856,0.6823976134755305,1.31259458801716,1.3381768023758245,2.618204729135746,4.057492921910389,7.107149974669418,13.713912618406725,26.67272070828347
Second Transpose (First Receive),1.5698952094864949,1.4731443600186265,3.2046328129915516,5.824464997880808,9.428952638883164,17.30453252226281,28.65238679976519,37.79780038072151,62.181137604419725,65.1823046722398,72.68599758072163,105.37473002981538,144.84583988867024
Second Transpose (Finished Receive),1.5699419966337504,1.4731740518220415,3.2046807687584575,5.824490894965788,9.42898854748176,17.304560658437047,28.652425300946543,37.79782405859998,62.18109730176256,65.18219335364907,72.6858455077207,105.37486185346106,144.84539087854387
Second Transpose (Unpacking),1.5699504559932262,1.4731784867545192,3.2046825142031556,5.824501892025714,9.428980933627333,17.304585727864687,28.65239864735576,37.79784593613785,62.18118885994603,65.18226561421126,72.68582831531228,105.37481349228204,144.84520012575888
1D FFT Z-Direction,1.5715354758337263,1.4750431311149148,3.207268128394687,5.825612504862604,9.42888732582264,17.306282870859395,28.653889188775306,37.79874184100889,62.182698161296734,65.18430134561373,72.68730028249092,105.37852185724476,144.86118468180814
Run complete,1.8903756963576488,1.685128424915823,4.78192195087724,7.065225833979476,11.580868878428728,22.11566914763322,28.69142671605471,38.45097565077003,62.53918578217847,64.53830536860362,72.38464910219028,104.9688598720665,142.85042771806584

Peer2Peer,MPI\_Type,All2All,Sync
,128_128_128,128_128_256,128_256_256,256_256_256,256_256_512,256_512_512,512_512_512,512_512_1024,512_1024_1024,1024_1024_1024,1024_1024_2048,1024_2048_2048,2048_2048_2048
1D FFT X-Direction,0.010228787102511351,0.0055559476678197885,0.0082734807443299,0.0061712824639298365,0.008140077883101096,0.007368960721287474,0.01324200910334768,0.030379861611670948,0.059219009835523986,0.05869393329931575,0.12259873316630515,0.22831661938939732,0.6803477729603545
First Transpose (Packing),0.010395822321123044,0.005628974009082407,0.008434420652459253,0.006277155372058204,0.008268719208995308,0.007470165213116236,0.013309640021412368,0.030413152108604104,0.059228329438795406,0.05871689516427442,0.12260074082347103,0.22834051166112776,0.6803795025820635
First Transpose (Start All2All),0.010414392925611162,0.005636430549781059,0.008443672168995567,0.006288168099083848,0.008277110511730528,0.007476840500389484,0.013315666846270257,0.030415300703443872,0.05922713876212519,0.05873454347720501,0.1225914428579386,0.22833681441377665,0.6803702533915891
First Transpose (Finished All2All),0.10670969783067026,0.08938880477132388,0.0872593469684457,0.21149997252867517,0.0917420665491033,0.10530702733733259,0.29099479343025914,0.4677214691491778,0.7271230870653763,1.0380677726087666,0.8383681132824312,1.2320677777134232,2.077725060117152
First Transpose (Unpacking),0.10745753215842327,0.08994880925584774,0.08770611593086745,0.21212686469477499,0.09238269277048668,0.10634630512142658,0.33910221560151815,0.469236611741323,0.7299323257980862,1.0428539416410059,0.8450721742806584,1.2565729202708913,2.129638709451322
First Transpose (Send Complete),0.10850842604955373,0.09117530582291444,0.08886302895484012,0.2140762063085849,0.09647389532291142,0.10926288666487942,0.34713132000236785,0.478551128375219,0.7632779466547246,1.1295950319768457,0.802734086681053,1.0342093285801317,1.516649156115735
1D FFT Y-Direction,0.10849440895499837,0.09116067308502346,0.08885726060255886,0.21406067784061725,0.09645547457685917,0.1092575815356952,0.34712310173120653,0.47854080797454507,0.7632615051450675,1.1295570517107991,0.8027098384851098,1.0341797243659885,1.5166608108684656
Second Transpose (First Send),0.33421162604313265,0.14817959110386617,0.19928531938841051,0.3780605730154558,0.16855006644506537,0.2164940399660416,0.4964989267389403,0.6223527178586438,0.9285397388113878,1.4277866820588474,1.161817787951588,1.6847726347193845,2.513058292805165
Second Transpose (Packing),0.3340929979958942,0.14808131598881083,0.19919914274481273,0.3779049806693248,0.16843657410600274,0.21639989756461572,0.4963722735188469,0.6222467369553578,0.9285153928266651,1.4277937083074383,1.1617958550265841,1.6848129119218083,2.513073583903958
Second Transpose (Start Receive),0.34478764262479755,0.1595103065149026,0.3050777949927482,0.4635314307212667,0.34667702545737744,0.5898040435762784,1.1870473633276653,1.008604158290099,2.1095506383414664,3.1091620562310207,2.1973135871704508,3.681630076371782,6.513095102506103
Second Transpose (First Receive),1.5649944504402207,1.461237268307561,3.197051499689406,5.8217628453713575,9.420767667588768,17.301128521602084,28.646909889439204,37.7875677811443,62.16179760650297,65.1301503319718,72.37106362727157,104.54337248037498,142.51773121575607
Second Transpose (Finished Receive),1.5650413840964108,1.4612672020537607,3.19709956917429,5.821788754476333,9.42080360738543,17.301156663312113,28.646948397981465,37.78759146543455,62.1617572913067,65.13003892424022,72.37091089249991,104.54350535231708,142.51727487076909
Second Transpose (Unpacking),1.5650498699445272,1.4612716731233073,3.197101318757914,5.821799756640454,9.420795986915962,17.301181737672145,28.646921739294875,37.78761334889669,62.16184887797607,65.1301112426667,72.3708936252757,104.54345660655753,142.51708100190424
1D FFT Z-Direction,1.5666398478731411,1.4631514916390398,3.199693059182473,5.822910884859845,9.42070229778242,17.302879214545282,28.64841256567117,37.78850949636595,62.163358648893755,65.13214860417499,72.37237199784822,104.54719446035729,142.53332664766202
Run complete,1.8863077518050198,1.6747291892409164,4.776844603903891,7.062998386049561,11.574205785268516,22.113005769332165,28.685957259485505,38.440916920513395,62.51995654341014,64.48563018015474,72.0683982886059,104.1342621021318,140.48925609122767

Peer2Peer,MPI\_Type,All2All,MPI\_Type
,128_128_128,128_128_256,128_256_256,256_256_256,256_256_512,256_512_512,512_512_512,512_512_1024,512_1024_1024,1024_1024_1024,1024_1024_2048,1024_2048_2048,2048_2048_2048
1D FFT X-Direction,0.009919205089873878,0.0087254707201497,0.00633841938481592,0.011503467009686998,0.00795385232927057,0.005863595678961837,0.012995234537331935,0.030409161670256472,0.059945683318895666,0.14894002406252704,0.18924622692408247,0.2305545017761133,0.6777832145672616
First Transpose (Packing),0.010035406159877358,0.008831425478528,0.006465740265782217,0.011683974359634494,0.00815037736108214,0.00598840866472572,0.013029247708669069,0.030443585993788738,0.059977311964195514,0.14904157520239059,0.18939448839699613,0.23060764824560884,0.6778001040193673
First Transpose (Start All2All),0.010040227653320388,0.008844482863773312,0.006470140511528298,0.011702172132708487,0.008161553786951681,0.006001726626291829,0.013033315672015142,0.030441555106841836,0.05997349365714002,0.1490505963740531,0.18939761649790082,0.23060633710366582,0.6777998171895592
First Transpose (Finished All2All),0.2620834569103425,0.2901239939806141,0.36284906679312906,0.4029357824240282,0.6682508157504083,0.3138097179399217,0.6382218721486922,1.252127182947402,1.3128162384153628,2.505447255375544,2.8700533971328803,5.271407718491073,17.593957774384663
First Transpose (Unpacking),0.2621013691812645,0.2901707307070469,0.36285493744687414,0.40292891708275586,0.6682488244361601,0.31381015035584936,0.6382231916647727,1.2521786540197855,1.3128551280973721,2.5055030866899535,2.8700663282438774,5.271399337912413,17.59391629297442
First Transpose (Send Complete),0.2635604543969932,0.29138584985991844,0.3649471583430922,0.40455354614233036,0.671375012977526,0.3180401873756661,0.6452603410034436,1.2577239727518428,1.3281555295053904,2.5495964209145145,2.8633858963738397,5.32610822168515,17.65065367511361
1D FFT Y-Direction,0.2635582173853722,0.29137824594890577,0.3649464793211606,0.40454265374515647,0.6713705027642396,0.3180347391782314,0.6452513077646651,1.2577048016617418,1.3281278134710883,2.549571425576175,2.863372268121154,5.326108964990046,17.650667738489993
Second Transpose (First Send),0.41156706085472006,0.3139266925993932,0.4062073719067763,0.5106512963438296,0.6854533685601326,0.3688913820143058,0.736459054257746,1.3191593211555317,1.4295418613171886,2.6950012583926455,2.9840270357410765,5.489653785484043,17.76403142530129
Second Transpose (Packing),0.411470735178193,0.31388031676367184,0.4061651005908036,0.5105361142990196,0.6854254701047839,0.3688361398366254,0.7363736743417454,1.3191093248162082,1.4295260478292613,2.695004980840599,2.984018496321681,5.489666146675809,17.76403358852293
Second Transpose (Start Receive),0.4202006105480609,0.3194312367179565,0.4672924688728747,0.5767983502536769,0.7494145418603594,0.6611202554774244,1.305734351668997,1.539526146996394,2.3731008791101105,3.8589306375186427,3.518917983982694,6.391575695634471,18.7527533527838
Second Transpose (First Receive),1.5833185606525575,1.4872145545944702,3.2165864020936774,5.831874276537112,9.444167546282612,17.30370651922231,28.652073345012834,37.80546438312509,62.17129953248963,65.17024581232236,72.42323831009094,104.6738485459678,143.59856914810308
Second Transpose (Finished Receive),1.583364951150747,1.4872439654961491,3.2166341796483637,5.8319001407205135,9.44420339703133,17.303734656739646,28.65211184661539,37.80548805620353,62.17125922345491,65.17013447313363,72.42308568535171,104.67398125228509,143.59811623794516
Second Transpose (Unpacking),1.5833733387965012,1.4872483584725436,3.2166359186067766,5.831911123809047,9.444195795443024,17.303759727363985,28.65208519273302,37.80550992930635,62.17135079612668,65.17020674706667,72.4230684305671,104.67393256728705,143.59792382830398
1D FFT Z-Direction,1.5849449351766696,1.4890953846521156,3.2192119320492343,5.8330203259210505,9.4441023384446,17.30545695136441,28.653575750458284,37.80640565256243,62.172860336305106,65.172242855142,72.42454573811669,104.67766576202176,143.61404720898707
Run complete,1.9015380535550441,1.6974423802893053,4.789940934950387,7.071335174557033,11.59325997100535,22.115022842784974,28.691113687819342,38.45850948878517,62.52940404383044,64.5261261560382,72.1207919303634,104.26525012394715,141.5855798715484

All2All,Sync,Peer2Peer,Sync
,128_128_128,128_128_256,128_256_256,256_256_256,256_256_512,256_512_512,512_512_512,512_512_1024,512_1024_1024,1024_1024_1024,1024_1024_2048,1024_2048_2048,2048_2048_2048
init,26.32616721613631,35.63916610332647,32.23768929389531,35.67445652151781,38.51692334143014,44.072523579666075,36.824522165250045,33.42937214177878,37.79588978541889,36.634913650202634,41.71926028573217,38.70125833346603,44.06730896988223
1D FFT Z-Direction,0.47369897390869503,0.7410765506580015,0.21078389266256792,0.6916210292904773,0.17063022663428828,0.5575761064317408,0.3910264282080914,0.8779532754553933,1.5375184975163816,2.0014318105494584,9.276503419858333,16.35754270626535,27.055926245997995
First Transpose (First Send),0.007123912624875249,0.01189651686442148,0.008322701157141864,0.013380111579146883,0.005567088998036302,0.008409264325308616,0.013804644623978313,0.030944619136876263,0.05900374836288538,0.1341373295013249,0.1202110511938381,0.22822385963383665,0.678062461217991
First Transpose (Packing),0.006535189627695044,0.010642083465300841,0.007343456111529808,0.011918533001238709,0.005033875729638459,0.00735404248328639,0.013527694946901687,0.030761654052559876,0.05885482579896383,0.13348263741076097,0.1200607194044995,0.22801732664345864,0.6778199414430384
First Transpose (Start Local Transpose),0.007825234153795647,0.013123094484849553,0.009462404513540745,0.015063612168570408,0.006422798706406552,0.009703755393019934,0.014160105762218357,0.03122722696939409,0.059282931023819485,0.1345769248881826,0.120447093894452,0.22840485697610413,0.6782899117153443
First Transpose (Start Receive),0.008837869117676934,0.014524862719362241,0.010756371413840627,0.017009809872645283,0.00767811844579775,0.011375135262133752,0.015115913410713791,0.03195868962910688,0.059661390219912055,0.1352198952478197,0.12073982184548752,0.22900275509462242,0.6788540148623514
First Transpose (First Receive),0.0644313087733543,0.0674932548224547,0.08468525254251634,0.15689013549695052,0.14048726094261393,0.27478981119465046,0.4643755298120583,0.9409898860364394,2.2010812968084097,4.172332621134764,6.0477250043606805,8.74102812479352,11.077998082742432
First Transpose (Finished Receive),0.0871746010109029,0.14951507418760576,0.10154304512416812,0.21370207974533004,0.1272296953229159,0.29364164545084986,0.41878362358436927,0.7994452290988362,1.7363782388660811,2.9929265854630462,7.717839863813275,14.630289553916487,28.069070079566902
First Transpose (Unpacking),0.08724911573943557,0.15047459136289418,0.1010527706867722,0.2130267027088261,0.12559585486542135,0.29155584348494246,0.41534244606647,0.7972498666663653,1.7336824455233675,2.983930942634953,7.703597665082691,14.594830592113622,28.0028784203503
First Transpose (Send Complete),0.08765624517720139,0.15477951058489922,0.09724963492861899,0.20855258244116895,0.10672768945918651,0.25250807268335634,0.3153713137464231,0.6511646408850879,1.4191964757058297,2.265249433067896,6.74215145539391,13.499409183160717,26.56030602868826
1D FFT Y-Direction,0.08791185719090286,0.15318321482208136,0.10165458939807967,0.21445155323191278,0.12720226151621677,0.29274131841976236,0.4233021269935479,0.8058053974476569,1.7472472169237883,3.017452006820974,7.717050953476867,14.611243733783644,28.074782761048734
Second Transpose (Packing),0.08871057136504777,0.15585857801749053,0.09833041369036913,0.20920619148471092,0.10790564127083659,0.25312683088965654,0.3158508639773025,0.6517083202778109,1.4216725805747297,2.2695103050788696,6.745475021477455,13.504903763083691,26.567126807335494
Second Transpose (Start Local Transpose),0.08859868246203109,0.15566030998089028,0.09775995230457991,0.2089809731801867,0.10724299654593031,0.25304962609682663,0.31561497167887903,0.6516503912036931,1.4196916943129547,2.2651709115023477,6.741354381948752,13.498883002886421,26.559679800355447
Second Transpose (Start All2All),0.08871902730705894,0.15586941490492448,0.09834580846507299,0.2092094513213921,0.10791928415305978,0.253126927256778,0.3158586179741887,0.6517254759527706,1.4216772256350223,2.269526721433357,6.745449411236993,13.504903249989242,26.56715619401076
Second Transpose (Finished All2All),0.4707127389414326,0.7379066824617008,0.21041485702715398,0.6913754001098528,0.16974135714036476,0.5570155203427162,0.3890538372419285,0.8775142819092864,1.5361362368557243,1.9951632393362926,9.27646510733339,16.358495188774228,27.056539685370907
Second Transpose (Unpacking),0.4730131572117685,0.7404164901351857,0.21065406743700996,0.691407005867883,0.1703461779140095,0.5574700686636729,0.390618568438398,0.8776803733882284,1.5367865162714287,2.000613654605431,9.276250396302462,16.35762683769282,27.0557885754222
1D FFT X-Direction,0.0064387796796056985,0.010416534349677058,0.007187893874213686,0.011644784475446375,0.00493585309358668,0.007242154505075817,0.013476918806462368,0.03070545302206302,0.05881194385103442,0.13339189459723394,0.12005163814286562,0.22795585350532357,0.6777676993291503
Run complete,0.4737088598639912,0.7410923307931069,0.2107846573602645,0.6916278325992685,0.1706380403362478,0.5575762978702865,0.39103109236515615,0.8779567176159316,1.5375205543256187,2.001431055270974,9.276488118127995,16.35754908306851,27.055952651684567

All2All,Sync,Peer2Peer,MPI\_Type
,128_128_128,128_128_256,128_256_256,256_256_256,256_256_512,256_512_512,512_512_512,512_512_1024,512_1024_1024,1024_1024_1024,1024_1024_2048,1024_2048_2048,2048_2048_2048
1D FFT X-Direction,0.004139594719012737,0.009546595167304325,0.008873383320903956,0.008379847868625202,0.006018518519531326,0.005910433115543343,0.013138303424878912,0.030245192529713427,0.060331189981473785,0.07237744718116945,0.16068040168817066,0.2285625701723148,0.6805586957702684
First Transpose (First Send),0.004826683289401338,0.010413829379682512,0.009593907526833539,0.008745681457169913,0.007068270507773632,0.006415505440300992,0.013591611281860117,0.030593387564871007,0.06049989828924105,0.07282129330955114,0.16155708662804555,0.22879521783427206,0.6807186818360291
First Transpose (Packing),0.0041914972213274275,0.009649404338062462,0.00894334061629909,0.008453503673606595,0.006178271006098726,0.005983138570036807,0.013209170560886314,0.030362858798566088,0.060347715894404186,0.07243624257973931,0.16078623676189027,0.2285964249805033,0.6805793040006127
First Transpose (Start Local Transpose),0.005524727975820407,0.011619865231460524,0.01057148746187936,0.009463369203382215,0.008402396545279078,0.006943547836713085,0.0144133025416515,0.030957076756590735,0.06094990500669303,0.07348193826918878,0.16258047365180414,0.22910977251397918,0.6812430592524675
First Transpose (Start Receive),0.006482205570673868,0.012693602788192837,0.011503684416583384,0.01058391486922579,0.009800448495245495,0.008103680407239267,0.015481857062131028,0.03167067838755771,0.06127342394016224,0.07405947619403018,0.16352150495183382,0.2295720669847692,0.6817824651039274
First Transpose (First Receive),0.1655540395832743,0.17764812743660413,0.23710017022453223,0.28976802398590307,0.466671792112519,0.5282449552883437,1.2607357312537126,2.0954839914357564,3.444125151420071,7.593678619204069,11.340280667733103,16.267741100230168,30.459059765923225
First Transpose (Finished Receive),0.16556332008345298,0.20627179074890004,0.23710375984941992,0.28973809549453033,0.4666474563271568,0.5282462622329634,1.2607068216140178,2.095453418834784,3.444082984824731,7.593645694304536,11.340274634958085,16.267701974840563,30.459016155806182
First Transpose (Unpacking),0.16568514973134973,0.2077971863134907,0.23717100425502455,0.28871989072365084,0.4569829470734692,0.5149679100211587,1.2462307264674655,2.082737826302575,3.4308875592153956,7.580067985940163,11.328729892788235,16.259852330875592,30.45190900575221
First Transpose (Send Complete),0.1647343843394844,0.20797328567786544,0.23754959977001192,0.27802608852363364,0.40446462403360167,0.3601889385593531,0.6590320652558284,1.0012222474385506,1.7284054303870233,2.841187261641332,6.806451041181395,13.250908958308184,25.909724947026195
1D FFT Y-Direction,0.16673309553014495,0.2101415097423986,0.2382581408419063,0.289840705972008,0.45871463454208694,0.5182737930662807,1.2493608480842644,2.086881037358754,3.4381536440471803,7.601240219985635,11.340743488247643,16.301041463672043,30.527039811907567
Second Transpose (Packing),0.20661703747316637,0.3024921169124613,0.2748748335172968,0.4056598527068823,0.4320023833383443,0.507513143422924,0.795954833420035,1.3605826373374876,2.6500296026280936,4.284200867674925,11.716902973433116,23.24226886872123,45.63524876633379
Second Transpose (Start All2All),0.20662066815443528,0.3024977007439089,0.2748803410345879,0.40566153387378234,0.4320057912621637,0.5075131914869156,0.7959579103935532,1.3605908548534247,2.650032094586119,4.284209564088507,11.716888229518407,23.24226857058807,45.635265874158
Second Transpose (Finished All2All),0.5063511798189276,0.7821226607599228,0.3319061853934033,0.7738169224174999,0.45143610856442595,0.7097624166814156,0.8277349919159973,1.4820569129624133,2.713156557706994,4.145404250652315,13.335560989738804,25.00841860967873,45.92189067225103
Second Transpose (Unpacking),0.5084903947939625,0.7844910218202982,0.3320578864782447,0.7738451610663614,0.45166387072894226,0.7101191982242535,0.8284716015521417,1.482155260468959,2.713524786148244,4.148030260825141,13.335411633630628,25.00785061289723,45.92144813271977
1D FFT Z-Direction,0.5091284244514591,0.7851140289077182,0.33214026141169256,0.7740363904232483,0.45177107702154623,0.7102024448665019,0.8286639826411456,1.4823168798161077,2.713939405854934,4.148424923028821,13.33558764067459,25.00779558263924,45.92152924497407
Run complete,0.5091376224714856,0.7851289239436462,0.3321407467070649,0.7740424693572012,0.45177402825055607,0.7102025951638807,0.8286661835539052,1.482318918556951,2.713940571092329,4.148424558640362,13.33557699648723,25.00779975369227,45.92154480261224

All2All,Sync,All2All,Sync
,128_128_128,128_128_256,128_256_256,256_256_256,256_256_512,256_512_512,512_512_512,512_512_1024,512_1024_1024,1024_1024_1024,1024_1024_2048,1024_2048_2048,2048_2048_2048
1D FFT X-Direction,0.010228787102511351,0.0055559476678197885,0.0082734807443299,0.0061712824639298365,0.008140077883101096,0.007368960721287474,0.01324200910334768,0.030379861611670948,0.059219009835523986,0.05869393329931575,0.12259873316630515,0.22831661938939732,0.6803477729603545
First Transpose (Packing),0.010395822321123044,0.005628974009082407,0.008434420652459253,0.006277155372058204,0.008268719208995308,0.007470165213116236,0.013309640021412368,0.030413152108604104,0.059228329438795406,0.05871689516427442,0.12260074082347103,0.22834051166112776,0.6803795025820635
First Transpose (Start All2All),0.010414392925611162,0.005636430549781059,0.008443672168995567,0.006288168099083848,0.008277110511730528,0.007476840500389484,0.013315666846270257,0.030415300703443872,0.05922713876212519,0.05873454347720501,0.1225914428579386,0.22833681441377665,0.6803702533915891
First Transpose (Finished All2All),0.10670969783067026,0.08938880477132388,0.0872593469684457,0.21149997252867517,0.0917420665491033,0.10530702733733259,0.29099479343025914,0.4677214691491778,0.7271230870653763,1.0380677726087666,0.8383681132824312,1.2320677777134232,2.077725060117152
First Transpose (Unpacking),0.10745753215842327,0.08994880925584774,0.08770611593086745,0.21212686469477499,0.09238269277048668,0.10634630512142658,0.33910221560151815,0.469236611741323,0.7299323257980862,1.0428539416410059,0.8450721742806584,1.2565729202708913,2.129638709451322
First Transpose (Send Complete),0.10850842604955373,0.09117530582291444,0.08886302895484012,0.2140762063085849,0.09647389532291142,0.10926288666487942,0.34713132000236785,0.478551128375219,0.7632779466547246,1.1295950319768457,0.802734086681053,1.0342093285801317,1.516649156115735
1D FFT Y-Direction,0.10849440895499837,0.09116067308502346,0.08885726060255886,0.21406067784061725,0.09645547457685917,0.1092575815356952,0.34712310173120653,0.47854080797454507,0.7632615051450675,1.1295570517107991,0.8027098384851098,1.0341797243659885,1.5166608108684656
Second Transpose (Packing),0.16530959232370743,0.2378266798120789,0.1643867381065077,0.3648150658976324,0.1798378146946384,0.37386079988258497,0.565438756308709,1.0381475361082,2.148921773090708,3.399708363248292,9.570915396489834,19.122919831445145,37.5973710224181
Second Transpose (Start All2All),0.1653141302146546,0.23783378185532517,0.16439594718674558,0.3648169352874867,0.17984600097911957,0.3738608651290793,0.5654430876837169,1.0381583058542017,2.1489248461485557,3.399719322176647,9.570897346693641,19.12291946908986,37.597391787693
Second Transpose (Finished All2All),0.49094620728147237,0.7594576389176925,0.2482509646839989,0.7532083016187591,0.22250874252470504,0.6212608108317088,0.609362049305173,1.1929198996424577,2.226303303390301,3.2230445671569736,11.495816332429975,21.234500278341272,37.94478120567269
Second Transpose (Unpacking),0.49315225107238675,0.7618964576324728,0.2484537492905566,0.753237312879246,0.2229704745162103,0.621668386383356,0.6103622570814766,1.1930420821744305,2.2267520421230054,3.226421380612721,11.495643073629742,21.23383133094295,37.94424563011191
1D FFT Z-Direction,0.4938100988481986,0.7625379251053448,0.24856383247520822,0.7534337727412913,0.22318755883189637,0.6217634756369864,0.6106233588865634,1.1932428612361585,2.227257279864707,3.2269287600690038,11.495847248464692,21.233766519791555,37.94434379494793
Run complete,0.4938195821916741,0.7625532611228955,0.24856448094460828,0.753440017902101,0.22319353258073485,0.6217636473124977,0.6106263456951546,1.193245393879709,2.2272586997201422,3.2269282916241386,11.495834900830811,21.233771432195493,37.94436262332677

All2All,Sync,All2All,MPI\_Type
,128_128_128,128_128_256,128_256_256,256_256_256,256_256_512,256_512_512,512_512_512,512_512_1024,512_1024_1024,1024_1024_1024,1024_1024_2048,1024_2048_2048,2048_2048_2048
1D FFT X-Direction,0.009919205089873878,0.0087254707201497,0.00633841938481592,0.011503467009686998,0.00795385232927057,0.005863595678961837,0.012995234537331935,0.030409161670256472,0.059945683318895666,0.14894002406252704,0.18924622692408247,0.2305545017761133,0.6777832145672616
First Transpose (Packing),0.010035406159877358,0.008831425478528,0.006465740265782217,0.011683974359634494,0.00815037736108214,0.00598840866472572,0.013029247708669069,0.030443585993788738,0.059977311964195514,0.14904157520239059,0.18939448839699613,0.23060764824560884,0.6778001040193673
First Transpose (Start All2All),0.010040227653320388,0.008844482863773312,0.006470140511528298,0.011702172132708487,0.008161553786951681,0.006001726626291829,0.013033315672015142,0.030441555106841836,0.05997349365714002,0.1490505963740531,0.18939761649790082,0.23060633710366582,0.6777998171895592
First Transpose (Finished All2All),0.2620834569103425,0.2901239939806141,0.36284906679312906,0.4029357824240282,0.6682508157504083,0.3138097179399217,0.6382218721486922,1.252127182947402,1.3128162384153628,2.505447255375544,2.8700533971328803,5.271407718491073,17.593957774384663
First Transpose (Unpacking),0.2621013691812645,0.2901707307070469,0.36285493744687414,0.40292891708275586,0.6682488244361601,0.31381015035584936,0.6382231916647727,1.2521786540197855,1.3128551280973721,2.5055030866899535,2.8700663282438774,5.271399337912413,17.59391629297442
First Transpose (Send Complete),0.2635604543969932,0.29138584985991844,0.3649471583430922,0.40455354614233036,0.671375012977526,0.3180401873756661,0.6452603410034436,1.2577239727518428,1.3281555295053904,2.5495964209145145,2.8633858963738397,5.32610822168515,17.65065367511361
1D FFT Y-Direction,0.2635582173853722,0.29137824594890577,0.3649464793211606,0.40454265374515647,0.6713705027642396,0.3180347391782314,0.6452513077646651,1.2577048016617418,1.3281278134710883,2.549571425576175,2.863372268121154,5.326108964990046,17.650667738489993
Second Transpose (Packing),0.29157725547859253,0.3649031470638778,0.3902727125139123,0.5009241278824097,0.6883159413858873,0.4785217655158987,0.7845901742191485,1.559040960299956,2.4081670775861053,4.096641786685005,9.957761711569479,19.823821597604688,41.506718230828845
Second Transpose (Start All2All),0.29157982825776174,0.3649077758808263,0.39027659155923833,0.5009254893309115,0.6883180802797342,0.4785218164918608,0.7845932957619443,1.5590481317712899,2.4081698198218673,4.096650881250997,9.957744362986043,19.823821248061034,41.50673704030877
Second Transpose (Finished All2All),0.5465511989212543,0.8083122431443935,0.43234052774890924,0.8277425295442262,0.7006763418809876,0.6893302383175126,0.8168126232366235,1.666108128582432,2.477464487211241,3.951262235685378,11.819830367928159,21.867826639258315,41.821666289644966
Second Transpose (Unpacking),0.5485336610782974,0.8106040890962711,0.4324569990232602,0.8277689285678739,0.700823107551243,0.6896975895362344,0.8175590738380246,1.6661956124670907,2.4778677413867887,3.954017184908056,11.819661858696483,21.867177066203915,41.821180362757836
1D FFT Z-Direction,0.549125166353415,0.8112070415933588,0.4325202530314999,0.8279477033581496,0.7008922042576435,0.6897833007690111,0.8177540221626567,1.6663393817156626,2.4783217864951723,3.9544312101532135,11.819860436471583,21.8671141322032,41.82126942747265
Run complete,0.5491336944261913,0.8112214575292296,0.43252062569885824,0.8279533864688139,0.7008941065222796,0.6897834555155309,0.8177562524385322,1.6663411953080391,2.4783230625133092,3.9544308278888396,11.819848427318885,21.86711890232688,41.82128651041922

All2All,MPI\_Type,Peer2Peer,Sync
,128_128_128,128_128_256,128_256_256,256_256_256,256_256_512,256_512_512,512_512_512,512_512_1024,512_1024_1024,1024_1024_1024,1024_1024_2048,1024_2048_2048,2048_2048_2048
init,25.479595764313565,34.766093314488984,36.43867760891358,32.18632025418623,35.553738729958305,37.30992856302227,36.78690703257461,40.42303611073521,38.26414614112837,32.14619606967652,30.982521376124907,49.00742433406622,45.64885103672638
1D FFT Z-Direction,1.7933491201550387,1.651179707411052,4.430455528639522,7.755467194090153,10.620398963004373,21.212493266109423,25.43296937999099,49.54772493008089,53.658428256920914,71.19968561260849,77.10221630357489,73.33776873790875,128.27715788263163
First Transpose (First Send),0.01091965179721249,0.009766530868495845,0.012478551709097554,0.015746531765644053,0.01207019876849662,0.011243919382053366,0.01711799286752288,0.03281969650160409,0.06202772379044572,0.06134009551970317,0.12041533060448065,0.23401196161255128,0.7119460840683206
First Transpose (Packing),0.010161584880252905,0.008741662818089307,0.011137290422197825,0.014331701834148768,0.010551124295053853,0.010710622141578039,0.016168663312777245,0.03210152268891741,0.06173496793476459,0.061103709871575325,0.12016466501016256,0.23363799180746198,0.7115113457137963
First Transpose (Start Local Transpose),0.011824940760156605,0.01087649775783004,0.01415548455743335,0.017430570578874014,0.013744459374186346,0.012286801312401919,0.01830394108650209,0.033861998700895485,0.06253426231644903,0.06189138594379158,0.12071900971641963,0.2343427444545277,0.7125195710367951
First Transpose (Start Receive),0.012869009809591117,0.012060389615797114,0.01563884964015117,0.042721068218793366,0.015500425661563006,0.013590528758087231,0.019781205744709932,0.0350328813705909,0.06313922360006806,0.06252049900973938,0.1212123671287529,0.2351753848113692,0.7133618335305809
First Transpose (First Receive),0.11666222996202544,0.09474384728767032,0.08519400534507124,0.14923101501327987,0.17270776209790734,0.31078567785445627,0.49642664188674707,1.1434356643522399,2.2639418987089206,3.8732660714700544,5.112000741415118,6.639953697708035,10.676514093149535
First Transpose (Finished Receive),0.13379085051046202,0.1066386798209909,0.09830508557856577,0.15596344504442586,0.1415587132567073,0.21946976036046464,0.29065540739608026,0.5333153144375746,0.8679083956693611,1.2184757300023608,1.5963384979294966,2.204687158240308,3.6161935608285445
First Transpose (Unpacking),0.13383207893967541,0.10678569319533215,0.09790471902542852,0.1552391239749234,0.14016880518749594,0.21756730913382327,0.28772473084741884,0.5317405935529779,0.8651626437097615,1.2157763308049758,1.594392905084926,2.2008732687716397,3.62210070048385
First Transpose (Send Complete),0.13378398085167306,0.10702852706500779,0.0903908654800257,0.14816405781022798,0.11731671850873404,0.17160550678421393,0.17561416483630685,0.29412185282752606,0.4235967902994401,0.609128233873915,0.5592057657259073,0.8592926955348448,1.3637931789560243
1D FFT Y-Direction,0.13377694040049512,0.10700563691355175,0.09038511432813097,0.14816409314703008,0.11731451863101053,0.17160731016639214,0.17561789527683783,0.2941244504547475,0.4235655129888309,0.609121560273863,0.5591994059120843,0.8592813971206199,1.3638569244992842
Second Transpose (Packing),0.13379299344387072,0.10703943138579915,0.09039706509150357,0.1481713196838101,0.11731954166819665,0.17160642762534584,0.17561883268315012,0.29413949444355153,0.4236256935751637,0.609134991448283,0.5591498829282576,0.8592545169632763,1.3637690889864882
Second Transpose (Start All2All),0.13379889182176605,0.10704882632628122,0.09040110131620771,0.14817487883758565,0.11731880858495299,0.17161068321285744,0.1756223897067771,0.294140307523234,0.4236296438260204,0.6091463647542,0.5591616820319173,0.8592732805373503,1.3637593396168093
Second Transpose (Finished All2All),1.7908549646420842,1.6489548361288222,4.428455549632089,7.7534079792230255,10.618387058842169,21.210341719601953,25.431497925979638,49.54679286585398,53.65744729023288,71.19814770556297,77.10116288462092,73.33308606491242,128.26084815435127
Second Transpose (Unpacking),1.7908795962313502,1.648991408158212,4.428469931220146,7.7534638975101355,10.618434000355807,21.210444778316578,25.431549482747425,49.54687017116343,53.65761386721214,71.19801469783727,77.10122781547787,73.3331239894546,128.26113226521267
1D FFT X-Direction,0.010090708892150463,0.008643095516681427,0.011004920369960189,0.013869869336578286,0.010374522655097381,0.01062459192151054,0.016081432614972295,0.03196004243454305,0.06170411114849188,0.06108178338923573,0.12011271002168672,0.23354494513095686,0.7114542481569553
Run complete,1.793348379027029,1.651194015238859,4.430486039752124,7.755469216746123,10.620395862143656,21.21249319486832,25.432945632129226,49.54770862668604,53.65844409270581,71.19970502114516,77.1022162106468,73.33774831106469,128.27740513045697

All2All,MPI\_Type,Peer2Peer,MPI\_Type
,128_128_128,128_128_256,128_256_256,256_256_256,256_256_512,256_512_512,512_512_512,512_512_1024,512_1024_1024,1024_1024_1024,1024_1024_2048,1024_2048_2048,2048_2048_2048
1D FFT X-Direction,0.004139594719012737,0.009546595167304325,0.008873383320903956,0.008379847868625202,0.006018518519531326,0.005910433115543343,0.013138303424878912,0.030245192529713427,0.060331189981473785,0.07237744718116945,0.16068040168817066,0.2285625701723148,0.6805586957702684
First Transpose (First Send),0.004826683289401338,0.010413829379682512,0.009593907526833539,0.008745681457169913,0.007068270507773632,0.006415505440300992,0.013591611281860117,0.030593387564871007,0.06049989828924105,0.07282129330955114,0.16155708662804555,0.22879521783427206,0.6807186818360291
First Transpose (Packing),0.0041914972213274275,0.009649404338062462,0.00894334061629909,0.008453503673606595,0.006178271006098726,0.005983138570036807,0.013209170560886314,0.030362858798566088,0.060347715894404186,0.07243624257973931,0.16078623676189027,0.2285964249805033,0.6805793040006127
First Transpose (Start Local Transpose),0.005524727975820407,0.011619865231460524,0.01057148746187936,0.009463369203382215,0.008402396545279078,0.006943547836713085,0.0144133025416515,0.030957076756590735,0.06094990500669303,0.07348193826918878,0.16258047365180414,0.22910977251397918,0.6812430592524675
First Transpose (Start Receive),0.006482205570673868,0.012693602788192837,0.011503684416583384,0.01058391486922579,0.009800448495245495,0.008103680407239267,0.015481857062131028,0.03167067838755771,0.06127342394016224,0.07405947619403018,0.16352150495183382,0.2295720669847692,0.6817824651039274
First Transpose (First Receive),0.1655540395832743,0.17764812743660413,0.23710017022453223,0.28976802398590307,0.466671792112519,0.5282449552883437,1.2607357312537126,2.0954839914357564,3.444125151420071,7.593678619204069,11.340280667733103,16.267741100230168,30.459059765923225
First Transpose (Finished Receive),0.16556332008345298,0.20627179074890004,0.23710375984941992,0.28973809549453033,0.4666474563271568,0.5282462622329634,1.2607068216140178,2.095453418834784,3.444082984824731,7.593645694304536,11.340274634958085,16.267701974840563,30.459016155806182
First Transpose (Unpacking),0.16568514973134973,0.2077971863134907,0.23717100425502455,0.28871989072365084,0.4569829470734692,0.5149679100211587,1.2462307264674655,2.082737826302575,3.4308875592153956,7.580067985940163,11.328729892788235,16.259852330875592,30.45190900575221
First Transpose (Send Complete),0.1647343843394844,0.20797328567786544,0.23754959977001192,0.27802608852363364,0.40446462403360167,0.3601889385593531,0.6590320652558284,1.0012222474385506,1.7284054303870233,2.841187261641332,6.806451041181395,13.250908958308184,25.909724947026195
1D FFT Y-Direction,0.16673309553014495,0.2101415097423986,0.2382581408419063,0.289840705972008,0.45871463454208694,0.5182737930662807,1.2493608480842644,2.086881037358754,3.4381536440471803,7.601240219985635,11.340743488247643,16.301041463672043,30.527039811907567
Second Transpose (Packing),0.25087075559120364,0.2572264236674517,0.2697627666863581,0.3481462823345753,0.43717127009163814,0.43431933806994294,0.7042766305362603,1.0841917244049168,1.829283548496618,2.968910187058885,6.8522357997955,13.306513085060766,25.981409599819514
Second Transpose (Start All2All),0.25087390133085274,0.2572303333185774,0.26976411924550714,0.34814779712799726,0.43717107336155386,0.43432101953735097,0.7042775175261774,1.084191944992427,1.8292844633002,2.968912520555057,6.852236762625265,13.306514296712608,25.981409088075086
Second Transpose (Finished All2All),1.803384893831439,1.6654609106052245,4.435743328460334,7.759805821424002,10.626735085430667,21.214093909090398,25.44064170489874,49.55778079116251,53.68694877972358,71.2574179925443,77.40303485668548,74.52560958463758,130.85877482209233
Second Transpose (Unpacking),1.8034093542826026,1.6654971201839273,4.435757686419997,7.7598616936076645,10.626781990068702,21.214196949576863,25.440693243136227,49.557858079331886,53.687115265167485,71.25728509545158,77.40309953431219,74.5256469023295,130.85905329254027
1D FFT Z-Direction,1.8058617437880125,1.6676637608724965,4.437740023048401,7.761863338949942,10.62874540940372,21.21624507508708,25.44211263007626,49.55871264873651,53.68792920737093,71.25895462042159,77.40408416735949,74.53021733238779,130.8747607948573
Run complete,1.805861007795202,1.6676779272755209,4.43777048407774,7.761865359939147,10.628742310978021,21.216245003858575,25.44208889074888,49.5586963489563,53.68794503445422,71.25897401281539,77.4040840747938,74.53019723236376,130.87500313531575

All2All,MPI\_Type,All2All,Sync
,128_128_128,128_128_256,128_256_256,256_256_256,256_256_512,256_512_512,512_512_512,512_512_1024,512_1024_1024,1024_1024_1024,1024_1024_2048,1024_2048_2048,2048_2048_2048
1D FFT X-Direction,0.010228787102511351,0.0055559476678197885,0.0082734807443299,0.0061712824639298365,0.008140077883101096,0.007368960721287474,0.01324200910334768,0.030379861611670948,0.059219009835523986,0.05869393329931575,0.12259873316630515,0.22831661938939732,0.6803477729603545
First Transpose (Packing),0.010395822321123044,0.005628974009082407,0.008434420652459253,0.006277155372058204,0.008268719208995308,0.007470165213116236,0.013309640021412368,0.030413152108604104,0.059228329438795406,0.05871689516427442,0.12260074082347103,0.22834051166112776,0.6803795025820635
First Transpose (Start All2All),0.010414392925611162,0.005636430549781059,0.008443672168995567,0.006288168099083848,0.008277110511730528,0.007476840500389484,0.013315666846270257,0.030415300703443872,0.05922713876212519,0.05873454347720501,0.1225914428579386,0.22833681441377665,0.6803702533915891
First Transpose (Finished All2All),0.10670969783067026,0.08938880477132388,0.0872593469684457,0.21149997252867517,0.0917420665491033,0.10530702733733259,0.29099479343025914,0.4677214691491778,0.7271230870653763,1.0380677726087666,0.8383681132824312,1.2320677777134232,2.077725060117152
First Transpose (Unpacking),0.10745753215842327,0.08994880925584774,0.08770611593086745,0.21212686469477499,0.09238269277048668,0.10634630512142658,0.33910221560151815,0.469236611741323,0.7299323257980862,1.0428539416410059,0.8450721742806584,1.2565729202708913,2.129638709451322
First Transpose (Send Complete),0.10850842604955373,0.09117530582291444,0.08886302895484012,0.2140762063085849,0.09647389532291142,0.10926288666487942,0.34713132000236785,0.478551128375219,0.7632779466547246,1.1295950319768457,0.802734086681053,1.0342093285801317,1.516649156115735
1D FFT Y-Direction,0.10849440895499837,0.09116067308502346,0.08885726060255886,0.21406067784061725,0.09645547457685917,0.1092575815356952,0.34712310173120653,0.47854080797454507,0.7632615051450675,1.1295570517107991,0.8027098384851098,1.0341797243659885,1.5166608108684656
Second Transpose (Packing),0.21811189135612008,0.1767073339423191,0.15568807229333398,0.29955959358883877,0.19192264008623197,0.266149571413035,0.426828376060838,0.6340637893551407,0.9703021142193182,1.4205870544869208,1.1268281563394866,1.5957102483983423,2.453573440064223
Second Transpose (Start All2All),0.21811550955630127,0.17671302503053193,0.15569041587856366,0.29956135407091744,0.19192219196389573,0.2661523153267559,0.4268298396129996,0.6340641665397556,0.9703038388719284,1.4205919312956776,1.1268340112871662,1.595720352244442,2.453568021087988
Second Transpose (Finished All2All),1.7991202673638782,1.6549380935824272,4.43026925835716,7.75777780697627,10.61947334646626,21.211317325678955,25.43447320561848,49.549976812695064,53.66454767505938,71.209713233833,77.10736937065865,73.34541215833322,128.27706469112576
Second Transpose (Unpacking),1.7991447857951943,1.654974533392345,4.430283634057555,7.757833693765763,10.619520283178174,21.211420379653458,25.43452475635526,49.55005411303709,53.66471422999882,71.20958024770978,77.10743429628921,73.34545007650198,128.2773487660705
1D FFT Z-Direction,1.8016029803530864,1.6571549318526781,4.432268418962209,7.7598358622294885,10.621485044865656,21.213468773236936,25.435944487511705,49.55090881703119,53.66552851195757,71.21125089110468,77.10842270482253,73.35009404443124,128.29337235782415
Run complete,1.8016022426204805,1.6571691880910144,4.432298917595215,7.7598378837467346,10.621481944322014,21.21346870199911,25.4359207424276,49.55089251468391,53.6655443456473,71.21127029648925,77.10842261190191,73.35007362101958,128.2936195744009

All2All,MPI\_Type,All2All,MPI\_Type
,128_128_128,128_128_256,128_256_256,256_256_256,256_256_512,256_512_512,512_512_512,512_512_1024,512_1024_1024,1024_1024_1024,1024_1024_2048,1024_2048_2048,2048_2048_2048
1D FFT X-Direction,0.009919205089873878,0.0087254707201497,0.00633841938481592,0.011503467009686998,0.00795385232927057,0.005863595678961837,0.012995234537331935,0.030409161670256472,0.059945683318895666,0.14894002406252704,0.18924622692408247,0.2305545017761133,0.6777832145672616
First Transpose (Packing),0.010035406159877358,0.008831425478528,0.006465740265782217,0.011683974359634494,0.00815037736108214,0.00598840866472572,0.013029247708669069,0.030443585993788738,0.059977311964195514,0.14904157520239059,0.18939448839699613,0.23060764824560884,0.6778001040193673
First Transpose (Start All2All),0.010040227653320388,0.008844482863773312,0.006470140511528298,0.011702172132708487,0.008161553786951681,0.006001726626291829,0.013033315672015142,0.030441555106841836,0.05997349365714002,0.1490505963740531,0.18939761649790082,0.23060633710366582,0.6777998171895592
First Transpose (Finished All2All),0.2620834569103425,0.2901239939806141,0.36284906679312906,0.4029357824240282,0.6682508157504083,0.3138097179399217,0.6382218721486922,1.252127182947402,1.3128162384153628,2.505447255375544,2.8700533971328803,5.271407718491073,17.593957774384663
First Transpose (Unpacking),0.2621013691812645,0.2901707307070469,0.36285493744687414,0.40292891708275586,0.6682488244361601,0.31381015035584936,0.6382231916647727,1.2521786540197855,1.3128551280973721,2.5055030866899535,2.8700663282438774,5.271399337912413,17.59391629297442
First Transpose (Send Complete),0.2635604543969932,0.29138584985991844,0.3649471583430922,0.40455354614233036,0.671375012977526,0.3180401873756661,0.6452603410034436,1.2577239727518428,1.3281555295053904,2.5495964209145145,2.8633858963738397,5.32610822168515,17.65065367511361
1D FFT Y-Direction,0.2635582173853722,0.29137824594890577,0.3649464793211606,0.40454265374515647,0.6713705027642396,0.3180347391782314,0.6452513077646651,1.2577048016617418,1.3281278134710883,2.549571425576175,2.863372268121154,5.326108964990046,17.650667738489993
Second Transpose (Packing),0.3244423396370178,0.32835690791528543,0.38668923740140954,0.4555994948416526,0.6915717571947733,0.4000584666607479,0.6914066943239892,1.3247246121880891,1.4570140972429781,2.6911938898282965,2.970578810863701,5.462978221686727,17.75571381617319
Second Transpose (Start All2All),0.3244447720448012,0.3283599706452148,0.3866901809771091,0.45560065237185554,0.6915716328335219,0.4000602921278234,0.6914075978244331,1.3247247927230914,1.457015245780185,2.6911964641281236,2.9705810318229795,5.4629811729812054,17.755713067352733
Second Transpose (Finished All2All),1.815082304204873,1.6779192086322046,4.4443869647019,7.765368726081357,10.640237372910393,21.213420136155126,25.440288677640233,49.56362638616937,53.67555384954521,71.24638738783887,77.15634133394882,73.5312676657322,129.47683451593693
Second Transpose (Unpacking),1.815106607021261,1.6779551493660059,4.444401294737672,7.765424558239954,10.64028421802747,21.213523179914308,25.440340216592894,49.5637036652233,53.67572037033266,71.24625447017053,77.15640621837044,73.53130548806014,129.47711595856677
1D FFT Z-Direction,1.817543213630785,1.6801057244323463,4.446379777773984,7.767424770046487,10.642245146296743,21.215571370469434,25.441759623228155,49.56455813384101,53.67653448532642,71.2479242536169,77.15739399955926,73.53593771878269,129.49299109001757
Run complete,1.8175424823682507,1.680119785927455,4.446410179614943,7.767426789588677,10.642242051801412,21.215571299238665,25.44173588357139,49.56454183598314,53.676550315769575,71.24794364901295,77.15739390669762,73.53591734698611,129.4932360163926

