Peer2Peer,Sync,Peer2Peer,Sync
,128_128_128,128_128_256,128_256_256,256_256_256,256_256_512,256_512_512,512_512_512,512_512_1024,512_1024_1024,1024_1024_1024
init,1399.9425,1976.8,1229.0424999999998,1618.0024999999996,1507.0299999999997,1105.06,1164.3482499999996,1826.2699999999998,2107.3949999999995,2401.552499999999
1D FFT Z-Direction,0.06527714999999998,0.04691672499999999,0.06704900000000001,0.1102560875,0.193452925,0.3607809999999999,0.6997710875,1.3749547499999997,2.724073,5.421573
First Transpose (First Send),0.19749387499999996,0.2216319125,0.254864325,0.4665030499999999,0.8156177625,1.6249921250000003,3.114357125,6.002142125,11.8752925,23.042703749999998
First Transpose (Packing),0.21986627499999994,0.23322238750000004,0.2592240625000001,0.47856556250000004,0.8204356,1.6302265000000002,3.119843125,6.007563625000001,11.8813175,23.0486325
First Transpose (Start Local Transpose),0.22086666249999998,0.23433431249999997,0.2604593250000001,0.479634325,0.82150615,1.6312985000000002,3.1208893749999995,6.00873625,11.882540000000002,23.049768749999995
First Transpose (Start Receive),0.23047702499999997,0.24499941249999999,0.27119197500000003,0.4915839875,0.8337408499999999,1.644225625,3.134133625,6.0225057500000005,11.897242500000003,23.06437625
First Transpose (First Receive),0.6816650749999998,1.477446875,2.3021772499999997,4.59208475,8.337043375,16.259006250000002,36.000175,62.05938125,126.92546250000001,284.29595000000006
First Transpose (Finished Receive),0.6828060875,1.478728875,2.3035672499999995,4.593757625,8.339115875000001,16.26144625,36.002457500000006,62.061688749999995,126.9279,284.2986625
First Transpose (Unpacking),0.7805429875000002,1.595316125,2.47826775,4.922349000000001,8.925193125000002,17.371137500000003,38.1259725,66.19546,135.21977499999997,299.87473750000004
First Transpose (Send Complete),1.0160622999999998,2.10355425,2.960022,5.833971874999999,9.8664725,18.40709125,48.92737749999999,68.47825375000002,148.64892500000002,387.69382500000006
1D FFT Y-Direction,1.0119958000000002,2.095045375,2.95055975,5.8144659999999995,9.847482499999998,18.375445,48.85449874999999,68.42142499999999,148.5321875,387.46712499999995
Second Transpose (First Send),1.1454001750000002,2.2753552499999996,3.130260875,6.156583125000001,10.487988875,19.5977875,51.1216375,72.68817250000002,157.10184999999998,402.8359375
Second Transpose (Packing),1.155813475,2.280604125,3.135313,6.162472500000001,10.494103124999999,19.6040925,51.129020000000004,72.69481999999999,157.11089999999996,402.84626249999997
Second Transpose (Start Local Transpose),1.1573578250000003,2.282330375,3.1369888749999997,6.164111500000001,10.49597775,19.60607375,51.13077125000001,72.69642,157.112725,402.8481750000001
Second Transpose (Start Receive),1.1676697875,2.2939165000000004,3.1481841249999998,6.178574749999999,10.508551374999998,19.618505000000003,51.148108750000006,72.70972375000001,157.1387375,402.87757500000004
Second Transpose (First Receive),1.9469752499999995,3.74604175,5.832723375000001,11.382971249999999,20.595268750000002,38.89117749999999,89.18865250000002,148.8142125,308.101375,701.4080625
Second Transpose (Finished Receive),1.9486093749999995,3.74787275,5.834519875000001,11.384947499999999,20.597706250000005,38.89414000000001,89.19161875,148.81706249999996,308.10457499999995,701.4114374999999
Second Transpose (Unpacking),2.008624,3.8505624999999997,5.9914397500000005,11.678154999999999,21.148090000000003,39.962097500000006,91.23853000000001,152.86575000000002,316.28301250000004,716.2559625
1D FFT X-Direction,2.0371402499999998,3.8933595000000003,6.0635112499999995,11.812558749999997,21.368062499999997,40.364771250000004,92.09014749999997,154.43721250000002,320.487175,766.9785999999999
Run complete,2.0419692499999993,3.898910875,6.070051250000001,11.819347500000001,21.3744275,40.371722500000004,92.09705625000001,154.443275,320.4932375,766.9863375000001

Peer2Peer,Sync,Peer2Peer,Streams
,128_128_128,128_128_256,128_256_256,256_256_256,256_256_512,256_512_512,512_512_512,512_512_1024,512_1024_1024,1024_1024_1024
init,739.5822499999997,1136.7599999999998,1661.8525000000004,1073.35,1329.8375000000003,1792.9025000000001,1126.1775000000002,2758.4100000000017,1773.5449999999994,2499.989999999999
1D FFT Z-Direction,0.03643322499999999,0.0479046375,0.06774752500000002,0.10964705,0.1971623125,0.3692327875,0.7070275374999999,1.3845153749999999,2.7270402500000004,5.42179075
First Transpose (First Send),0.1752266125,0.22284891250000002,0.25647962500000004,0.43373032499999997,0.8079152374999998,1.6253956250000001,3.16341675,6.05620175,11.926457500000001,23.065738749999998
First Transpose (Packing),0.17957766249999998,0.2301897,0.2686255,0.43814596250000004,0.8132889000000002,1.6393772500000001,3.185027375,6.062287250000001,11.93231875,23.071632499999996
First Transpose (Start Local Transpose),0.18068426249999997,0.23129885000000003,0.26968105000000003,0.43918408750000004,0.8144173374999999,1.6405420000000004,3.1862114999999998,6.063469875000001,11.933543750000002,23.0728025
First Transpose (Start Receive),0.19125929999999997,0.24209843749999999,0.28063255,0.45062418750000005,0.8273601374999998,1.6545903750000002,3.2005354999999995,6.077870875,11.948215,23.086930000000002
First Transpose (First Receive),0.6454073750000001,1.425374375,2.3630875,4.496528,8.59668675,16.975913749999997,37.73755249999999,63.06891625000001,126.35749999999999,284.48603749999995
First Transpose (Finished Receive),0.6466776124999999,1.4266675000000002,2.3645412500000003,4.4982240000000004,8.598826625000001,16.978525,37.7399475,63.07126125,126.35999999999999,284.488875
First Transpose (Unpacking),0.7343474000000001,1.544109,2.5402253750000003,4.824465000000001,9.174685874999998,18.094178749999998,39.90404625,67.25797625,134.62675,300.0091125
First Transpose (Send Complete),0.9825543874999998,2.01958725,3.0320821249999996,5.76544825,10.153854125,19.171011249999996,50.26397125,69.52016875000001,148.08812499999996,388.1261999999999
1D FFT Y-Direction,0.9787714624999999,2.01310525,3.023269875,5.716918375,10.119325250000003,19.131732500000005,50.2039425,69.46247374999999,147.9736375,387.90077499999995
Second Transpose (First Send),2.4997653750000004,4.321757249999999,4.746220375,7.478757249999999,12.277269624999999,22.670053749999994,55.07011250000001,76.32643125000001,160.0767875,406.79513750000007
Second Transpose (Packing),2.5091216249999997,4.332137625,4.755834625,7.488469125,12.293333,22.685656249999997,55.08394374999999,76.3424775,160.09475000000003,406.81503750000013
Second Transpose (Start Local Transpose),1.0224697500000002,2.07403575,3.090898375,5.852367624999999,10.238209625,19.25876625,50.3880875,69.60950125000002,148.247,388.31975
Second Transpose (Start Receive),1.0332507125,2.0857470000000005,3.1026619999999996,5.8648388749999985,10.251524125,19.273046249999997,50.402058749999995,69.623035,148.26133750000002,388.34117499999996
Second Transpose (First Receive),2.8777039999999996,5.136727125000001,6.46111675,11.863949625000002,21.1496725,40.026835,90.48205375,150.94436249999998,312.11325,737.3013125
Second Transpose (Finished Receive),2.879481875,5.138541875,6.462906124999999,11.865993874999997,21.15193625,40.02942375000001,90.4846825,150.9471375,312.11606249999994,737.3042750000001
Second Transpose (Unpacking),3.1344745000000005,5.31123575,6.66164325,12.158317500000003,21.68992375,41.09795749999999,92.57326749999999,155.05191250000001,320.28503750000004,752.1517125000001
1D FFT X-Direction,3.165000125,5.354045874999999,6.733373875000001,12.285445000000001,21.91943125,41.51240250000001,93.396515,156.6212125,324.5773874999999,804.0681750000001
Run complete,3.3494622500000006,5.717235999999999,7.248209375,12.692463750000002,22.726088750000002,42.88723875000001,95.28401375,158.4028625,325.085275,804.7859500000001

Peer2Peer,Sync,Peer2Peer,MPI\_Type
,128_128_128,128_128_256,128_256_256,256_256_256,256_256_512,256_512_512,512_512_512,512_512_1024,512_1024_1024,1024_1024_1024
init,1971.4800000000002,972.257,1253.7999999999997,1090.305,1055.2467499999998,1515.4625000000005,1453.3424999999997,3070.07,2621.885000000001,2437.8450000000003
1D FFT Z-Direction,0.03690160000000001,0.04566522500000001,0.06712113749999998,0.11022738750000002,0.19300876250000001,0.36368475,0.7021580750000002,1.3761623749999998,2.724911875000001,5.421818
First Transpose (First Send),0.18515863750000003,0.21509386249999998,0.261057475,0.4493188,0.8304812875000002,1.6013407499999999,2.9868887500000003,5.815990875000001,11.5439075,23.013295000000003
First Transpose (Packing),0.23242038750000002,0.23350008750000004,0.26519112499999997,0.4541152500000001,0.8355686875000001,1.606880125,2.9928685,5.822074625,11.550077499999999,23.019460000000002
First Transpose (Start Local Transpose),0.23353172499999997,0.23458600000000004,0.26624858749999997,0.45516303750000003,0.8366732125000003,1.607973625,2.994067125,5.8232835,11.551283750000003,23.020632499999998
First Transpose (Start Receive),0.24411538749999995,0.24482775000000007,0.27685951249999996,0.4667112874999999,0.8488452750000001,1.621150875,3.0083703749999997,5.837426249999999,11.56596875,23.035180000000004
First Transpose (First Receive),0.6906157749999997,1.3917380874999998,2.3179736249999996,4.53239275,8.469787125,16.3753425,37.21541499999999,62.87846499999999,126.8153875,284.6875875
First Transpose (Finished Receive),0.6919112000000001,1.39298685,2.319414,4.534138499999999,8.4719695,16.37781,37.21778125,62.88078625000001,126.8176,284.69016249999993
First Transpose (Unpacking),0.7884798750000002,1.509819,2.4957466249999998,4.862044750000001,9.0530615,17.4635675,39.24792000000001,66.83037374999999,134.6433625,300.3206625
First Transpose (Send Complete),1.0453108874999997,1.98306525,2.9819308749999998,5.7943018749999995,10.008597499999999,18.523940000000003,49.138171250000006,69.1587175,147.7457,387.99535000000003
1D FFT Y-Direction,1.040474275,1.9760601249999996,2.9724258750000003,5.75452075,9.988712500000002,18.49176875,49.06560375000001,69.10158375,147.62820000000002,387.76906249999996
Second Transpose (First Send),1.263154125,2.2305586250000005,3.2692769999999998,6.359974124999999,11.204986250000003,20.79817875,53.040576249999994,77.005445,162.754425,417.87631250000004
Second Transpose (Packing),1.260034875,2.2276141249999997,3.2659473749999997,6.35612,11.2004325,20.792787500000003,53.03515500000001,77.00032624999999,162.74734999999998,417.8681999999999
Second Transpose (Start Local Transpose),1.275950625,2.234734499999999,3.2739241249999997,6.379152625000001,11.21158625,20.805757500000002,53.04744750000001,77.01316749999998,162.7635875,417.88543749999997
Second Transpose (Start Receive),1.2872958750000003,2.2458062500000002,3.2853516249999997,6.392322000000001,11.224642500000002,20.82003375,53.06474875,77.0270525,162.78835,417.91391250000004
Second Transpose (First Receive),2.0571045000000003,3.600923625,5.942341625,11.55015,21.31618,40.83938125,92.6790725,153.40896250000003,314.072975,721.3328375
Second Transpose (Finished Receive),2.058885875,3.602643125,5.944195250000001,11.5523275,21.3186075,40.84222874999999,92.68204125,153.41193749999996,314.076025,721.3365375000001
Second Transpose (Unpacking),2.12363675,3.7028237499999994,6.100432249999999,11.845433750000002,21.884872500000007,41.88480625,94.58842374999999,157.1628,321.525675,736.1810875000001
1D FFT X-Direction,2.1535407500000003,3.7443946250000004,6.172338625,11.974775000000003,22.105265000000003,42.3043625,95.40030375,158.6862125,325.48605,787.6953500000001
Run complete,2.1605938750000004,3.7492991250000003,6.1784687499999995,11.980948750000001,22.111892499999996,42.31086,95.40827125000001,158.69240000000002,325.49312499999996,787.7046749999997

Peer2Peer,Sync,All2All,Sync
,128_128_128,128_128_256,128_256_256,256_256_256,256_256_512,256_512_512,512_512_512,512_512_1024,512_1024_1024,1024_1024_1024
init,1269.5774999999999,1228.1300000000006,1732.2374999999997,1699.4324999999994,1520.3800000000006,1384.6425000000006,1841.8550000000002,2269.830000000001,3072.82,2473.7275000000004
1D FFT Z-Direction,0.0341052125,0.04666895,0.06902678749999999,0.111403425,0.19425014999999995,0.36288650000000006,0.703396025,1.38020875,2.723283625,5.418471374999999
First Transpose (First Send),0.17477627499999998,0.1720072,0.25549121249999995,0.47520373750000006,0.8718309,1.6041003750000002,3.0936410000000003,6.034461125000001,11.623326250000002,23.04810375
First Transpose (Packing),0.1871688375,0.1765064125,0.2613638125,0.48784617500000005,0.8767026375,1.609088375,3.0997438750000006,6.040790874999999,11.62866,23.054340000000003
First Transpose (Start Local Transpose),0.1882436125,0.17756901249999996,0.26245822500000004,0.48895170000000004,0.8777802625,1.610169375,3.1009117499999994,6.041949875000001,11.629729999999999,23.05538875
First Transpose (Start Receive),0.1988888375,0.18937006249999996,0.275236,0.5022922750000001,0.8910616625000001,1.62358275,3.116141,6.05690725,11.643476249999999,23.069865
First Transpose (First Receive),0.64981265,1.2914972875,2.4332328750000003,4.664072624999999,8.874484375,16.5397775,37.45868625,62.54003624999999,126.3963375,284.028025
First Transpose (Finished Receive),0.6510573500000001,1.2927265000000003,2.434685625,4.665737375000001,8.876653375,16.542264999999997,37.46105375000001,62.542425,126.39891249999998,284.03061249999996
First Transpose (Unpacking),0.73972065,1.407416125,2.614076,4.9947965,9.469239375,17.612614999999998,39.55520625000001,66.73704624999999,134.2822375,299.60665
First Transpose (Send Complete),0.9900853000000002,1.8799053750000005,3.11852075,5.9188543750000004,10.464711375000002,18.679464999999997,49.69271000000001,69.06839750000002,147.44475,386.85572499999995
1D FFT Y-Direction,0.9862929875,1.8732468749999995,3.1091153750000005,5.900101999999999,10.446639499999998,18.648355,49.63042,69.01149625000002,147.32587500000002,386.6315874999999
Second Transpose (Packing),1.006919125,1.8969344999999997,3.1371923749999997,5.9435512500000005,10.48539,18.700585,49.748363749999996,69.09268125,147.5049875,386.9511250000001
Second Transpose (Start All2All),1.2347322499999998,2.1011040000000003,3.44022875,6.590314625,11.696607499999999,20.952077499999998,53.9025725,77.85462250000002,163.0544625,417.040875
Second Transpose (Finished All2All),2.1156278750000004,3.8485039999999997,7.025379874999999,13.2189325,24.708615,46.579622500000006,104.10808874999998,175.0712375,356.74495,801.0486500000001
Second Transpose (Unpacking),2.2154333749999995,4.004122875,7.316963125000001,13.7764525,25.777108750000004,48.573851250000004,108.04938250000001,183.248625,371.9689125000001,830.6773
1D FFT X-Direction,2.245253125,4.046731875,7.393248125000001,13.9108525,26.00303625,49.00558124999999,108.87600375000002,184.7948875,376.0876375000001,882.4447999999999
Run complete,2.247053,4.048522625,7.395128624999998,13.912688749999997,26.004741250000002,49.00725999999999,108.87772125,184.79659999999998,376.0895125,882.4469750000002

Peer2Peer,Sync,All2All,MPI\_Type
,128_128_128,128_128_256,128_256_256,256_256_256,256_256_512,256_512_512,512_512_512,512_512_1024,512_1024_1024,1024_1024_1024
init,994.66825,1763.8825000000002,1491.4425000000006,895.4687500000002,1564.7550000000006,1143.1825000000001,1698.145,2039.4325000000001,1929.2975000000001,2389.2450000000003
1D FFT Z-Direction,0.0332662875,0.04639585,0.06569232499999998,0.11190664999999997,0.193691225,0.36207728749999996,0.7018341125,1.3751376249999998,2.724733625,5.4202235
First Transpose (First Send),0.1833157,0.17895391250000003,0.24800397499999996,0.4675457625,0.8655575250000002,1.589048125,2.9844951249999996,5.840289749999998,11.821555,23.046962499999996
First Transpose (Packing),0.1872865,0.19814020000000002,0.2523141625,0.47277882499999996,0.8706346750000001,1.5944416250000002,2.990231375,5.846493125,11.827472499999999,23.053137500000002
First Transpose (Start Local Transpose),0.18834665,0.1992195,0.25329071249999996,0.4739196875,0.8717276249999999,1.5955606249999998,2.991432875,5.847714625,11.8286525,23.05429
First Transpose (Start Receive),0.1990615875,0.21135555,0.2648158499999999,0.48756872500000004,0.8852062125,1.6092575000000005,3.0060941249999997,5.862894000000002,11.844143749999999,23.06957
First Transpose (First Receive),0.608879975,1.374053925,2.2002376249999998,4.809380375000001,8.541890374999998,16.38770625,37.115612500000005,62.640208749999985,126.57133750000003,283.144625
First Transpose (Finished Receive),0.6101150750000001,1.3753321374999998,2.201510375,4.8112133749999995,8.543993625,16.3902875,37.1179325,62.64261875000001,126.5736125,283.14708750000005
First Transpose (Unpacking),0.6949646125,1.493296375,2.383357125,5.1438032499999995,9.133722500000001,17.458466249999997,39.15012625000001,66.59189875,134.66845,298.7779625000001
First Transpose (Send Complete),0.9426748250000001,1.9754947500000004,2.8414621249999996,6.061080875000001,10.095443999999999,18.542800000000003,49.12318375,68.92030125000001,148.04475000000002,386.36657499999995
1D FFT Y-Direction,0.938905325,1.9677580000000003,2.8329426250000003,6.042076499999999,10.07751575,18.51167625,49.06284125,68.86268249999999,147.92649999999998,386.1427
Second Transpose (Packing),1.20040175,2.1849037500000006,3.132654375,6.689212374999999,11.327291249999998,20.76400875,52.9960875,76.77651,164.3242625,416.2355375
Second Transpose (Start All2All),1.202081625,2.186603375,3.134217125,6.691001250000001,11.329093750000002,20.765795000000004,52.99789499999999,76.77833499999998,164.3262625,416.2377375
Second Transpose (Finished All2All),2.0603697500000004,4.120853374999999,6.674128624999999,14.659841250000003,26.113158750000004,49.67547625,109.60281249999998,188.503575,386.91526250000004,854.97925
Second Transpose (Unpacking),2.1585379999999996,4.277034875,6.9622839999999995,15.214230000000006,27.18091499999999,51.672219999999996,113.36775,195.96163749999994,402.82382499999994,884.6176250000001
1D FFT X-Direction,2.1879747499999995,4.320243500000001,7.03720975,15.346141250000002,27.39895499999999,52.081398750000005,114.1817,197.52477499999998,407.0094125,936.5248125
Run complete,2.1897476250000003,4.3221046250000015,7.03885775,15.347997499999996,27.40068875,52.08306625,114.1834,197.52653750000005,407.01125,936.526975

Peer2Peer,Streams,Peer2Peer,Sync
,128_128_128,128_128_256,128_256_256,256_256_256,256_256_512,256_512_512,512_512_512,512_512_1024,512_1024_1024,1024_1024_1024
init,846.6702499999996,1121.8300000000004,1287.8349999999996,1893.5325000000005,1362.6899999999996,1159.5050000000006,1653.0924999999993,2019.4900000000002,3017.745000000001,2633.2799999999993
1D FFT Z-Direction,0.035929112500000006,0.0440787375,0.07050465000000002,0.11252348749999999,0.19524245000000004,0.3638188125,0.6996290500000002,1.377554625,2.72699475,5.4222205
First Transpose (First Send),1.6308607124999994,1.6508382375,1.2204099124999999,2.138774125,2.3063002499999996,4.3154235,5.8017316249999995,7.903018749999998,13.966709999999997,25.9294925
First Transpose (Packing),1.64062655,1.673339425,1.2399952750000003,2.1501949624999996,2.3191230000000003,4.32833475,5.816108249999999,7.915887000000001,13.97960875,25.9428175
First Transpose (Start Local Transpose),0.08071977500000001,0.09341651249999999,0.13111126250000002,0.1879007875,0.289617825,0.461620425,0.801472575,1.4887796249999998,2.8330388749999997,5.529591625
First Transpose (Start Receive),0.09230816249999999,0.1040823,0.14445205,0.20200942500000002,0.3051248375,0.47829565,0.8184147375,1.5059208750000002,2.850976875,5.5473518749999995
First Transpose (First Receive),2.0488149249999994,2.4196224249999996,2.93000975,5.7894447499999995,9.777810375,18.5718625,38.79168,62.6101325,125.6234375,279.48031249999997
First Transpose (Finished Receive),2.0501684750000004,2.4208422250000003,2.9314917499999997,5.791099624999998,9.779855125000001,18.5744325,38.7939125,62.61260749999999,125.626025,279.4832
First Transpose (Unpacking),2.2376677125,2.54845375,3.1131468749999995,6.144211499999999,10.374134999999999,19.622527499999997,40.849978750000005,66.55809624999999,133.44195,295.06043750000003
First Transpose (Send Complete),2.6895803875,3.1793751249999995,3.818596875,7.4237875,11.632130375,21.054574999999996,51.23316249999999,69.54800625,147.83673749999997,384.90340000000003
1D FFT Y-Direction,2.4855917375,2.9792776250000004,3.5971085,7.046542500000001,11.335156625,20.64742375,50.8851,68.77391499999999,146.43213750000004,382.07332499999995
Second Transpose (First Send),2.8298628750000003,3.3599272500000006,3.9895560000000003,7.74960825,12.289116374999999,22.122043749999996,53.363147500000004,73.45036874999998,155.5043,400.10292499999986
Second Transpose (Packing),2.8340753750000003,3.3643938749999998,4.001758125,7.755179124999998,12.295505624999999,22.128615000000003,53.37007000000001,73.45861875,155.513225,400.11396249999996
Second Transpose (Start Local Transpose),2.8356888749999998,3.3657721250000003,4.003316625,7.756908375000002,12.297166875,22.130443750000005,53.37161249999999,73.4601525,155.5151125,400.1157875
Second Transpose (Start Receive),2.8463081249999997,3.3757695000000005,4.0151140000000005,7.7716161249999995,12.310425625000002,22.1443325,53.39495624999999,73.47579875,155.5486,400.14875
Second Transpose (First Receive),4.006111875,5.016512625,6.93019875,13.967065000000002,22.938553750000004,42.703582499999996,94.97210125000001,149.97965,305.8663875,697.7076750000001
Second Transpose (Finished Receive),4.00786225,5.018060624999999,6.932060625,13.9692075,22.940996249999998,42.70655375,94.97507250000001,149.98261249999996,305.86967500000003,697.7112374999999
Second Transpose (Unpacking),4.0702359999999995,5.11296925,7.088332375,14.26712625,23.49276125,43.7244175,96.924395,153.73208749999998,313.3237375,712.5575500000001
1D FFT X-Direction,4.0996732499999995,5.153526875000001,7.160776374999999,14.394569999999998,23.711595,44.15467,97.747305,155.29141250000004,317.36480000000006,764.1043125000001
Run complete,4.109010749999999,5.1603645,7.169015250000001,14.40445625,23.719255,44.165090000000006,97.75469625,155.29858750000002,317.3721875,764.1122375000001

Peer2Peer,Streams,Peer2Peer,Streams
,128_128_128,128_128_256,128_256_256,256_256_256,256_256_512,256_512_512,512_512_512,512_512_1024,512_1024_1024,1024_1024_1024
1D FFT Z-Direction,0.035929112500000006,0.0440787375,0.07050465000000002,0.11252348749999999,0.19524245000000004,0.3638188125,0.6996290500000002,1.377554625,2.72699475,5.4222205
First Transpose (First Send),1.6308607124999994,1.6508382375,1.2204099124999999,2.138774125,2.3063002499999996,4.3154235,5.8017316249999995,7.903018749999998,13.966709999999997,25.9294925
First Transpose (Packing),1.64062655,1.673339425,1.2399952750000003,2.1501949624999996,2.3191230000000003,4.32833475,5.816108249999999,7.915887000000001,13.97960875,25.9428175
First Transpose (Start Local Transpose),0.08071977500000001,0.09341651249999999,0.13111126250000002,0.1879007875,0.289617825,0.461620425,0.801472575,1.4887796249999998,2.8330388749999997,5.529591625
First Transpose (Start Receive),0.09230816249999999,0.1040823,0.14445205,0.20200942500000002,0.3051248375,0.47829565,0.8184147375,1.5059208750000002,2.850976875,5.5473518749999995
First Transpose (First Receive),2.0488149249999994,2.4196224249999996,2.93000975,5.7894447499999995,9.777810375,18.5718625,38.79168,62.6101325,125.6234375,279.48031249999997
First Transpose (Finished Receive),2.0501684750000004,2.4208422250000003,2.9314917499999997,5.791099624999998,9.779855125000001,18.5744325,38.7939125,62.61260749999999,125.626025,279.4832
First Transpose (Unpacking),2.2376677125,2.54845375,3.1131468749999995,6.144211499999999,10.374134999999999,19.622527499999997,40.849978750000005,66.55809624999999,133.44195,295.06043750000003
First Transpose (Send Complete),2.6895803875,3.1793751249999995,3.818596875,7.4237875,11.632130375,21.054574999999996,51.23316249999999,69.54800625,147.83673749999997,384.90340000000003
1D FFT Y-Direction,2.4855917375,2.9792776250000004,3.5971085,7.046542500000001,11.335156625,20.64742375,50.8851,68.77391499999999,146.43213750000004,382.07332499999995
Second Transpose (First Send),4.206791375000001,5.4815451249999985,5.532735125,9.137096499999998,13.755545874999997,24.553617499999994,56.03930375,76.35426875,159.8254,403.5723375000002
Second Transpose (Packing),4.216147625,5.491925499999999,5.542349375000001,9.146808374999999,13.77160925,24.569219999999998,56.05313499999998,76.37031499999999,159.84336250000004,403.59223750000024
Second Transpose (Start Local Transpose),2.7294957500000003,3.233823625,3.8774131250000003,7.5107068749999994,11.716485874999998,21.14233,51.35727874999999,69.63733875000001,147.99561250000002,385.0969500000001
Second Transpose (Start Receive),2.7402767125,3.245534875,3.88917675,7.5231781249999985,11.729800374999998,21.156609999999997,51.37124999999999,69.65087249999999,148.00995000000003,385.11837500000007
Second Transpose (First Receive),4.5847299999999995,6.296515000000001,7.247631500000001,13.522288875000001,22.62794875,41.91039875,91.451245,150.9722,311.86186250000003,734.0785125000001
Second Transpose (Finished Receive),4.586507875000001,6.298329749999999,7.249420874999999,13.524333124999998,22.6302125,41.91298750000001,91.45387375,150.97497499999997,311.8646749999999,734.0814750000002
Second Transpose (Unpacking),4.8415005,6.471023624999999,7.448158,13.816656750000003,23.1682,42.98152124999999,93.54245874999998,155.07975,320.0336500000001,748.9289125000003
1D FFT X-Direction,4.872026125,6.513833749999998,7.519888625000001,13.94378425,23.397707499999996,43.39596625000001,94.36570624999999,156.64905,324.3259999999999,800.8453750000002
Run complete,5.056488250000001,6.877023874999999,8.034724125,14.350803000000003,24.204365000000003,44.77080250000001,96.253205,158.4307,324.83388750000006,801.5631500000002

Peer2Peer,Streams,Peer2Peer,MPI\_Type
,128_128_128,128_128_256,128_256_256,256_256_256,256_256_512,256_512_512,512_512_512,512_512_1024,512_1024_1024,1024_1024_1024
1D FFT Z-Direction,0.035929112500000006,0.0440787375,0.07050465000000002,0.11252348749999999,0.19524245000000004,0.3638188125,0.6996290500000002,1.377554625,2.72699475,5.4222205
First Transpose (First Send),1.6308607124999994,1.6508382375,1.2204099124999999,2.138774125,2.3063002499999996,4.3154235,5.8017316249999995,7.903018749999998,13.966709999999997,25.9294925
First Transpose (Packing),1.64062655,1.673339425,1.2399952750000003,2.1501949624999996,2.3191230000000003,4.32833475,5.816108249999999,7.915887000000001,13.97960875,25.9428175
First Transpose (Start Local Transpose),0.08071977500000001,0.09341651249999999,0.13111126250000002,0.1879007875,0.289617825,0.461620425,0.801472575,1.4887796249999998,2.8330388749999997,5.529591625
First Transpose (Start Receive),0.09230816249999999,0.1040823,0.14445205,0.20200942500000002,0.3051248375,0.47829565,0.8184147375,1.5059208750000002,2.850976875,5.5473518749999995
First Transpose (First Receive),2.0488149249999994,2.4196224249999996,2.93000975,5.7894447499999995,9.777810375,18.5718625,38.79168,62.6101325,125.6234375,279.48031249999997
First Transpose (Finished Receive),2.0501684750000004,2.4208422250000003,2.9314917499999997,5.791099624999998,9.779855125000001,18.5744325,38.7939125,62.61260749999999,125.626025,279.4832
First Transpose (Unpacking),2.2376677125,2.54845375,3.1131468749999995,6.144211499999999,10.374134999999999,19.622527499999997,40.849978750000005,66.55809624999999,133.44195,295.06043750000003
First Transpose (Send Complete),2.6895803875,3.1793751249999995,3.818596875,7.4237875,11.632130375,21.054574999999996,51.23316249999999,69.54800625,147.83673749999997,384.90340000000003
1D FFT Y-Direction,2.4855917375,2.9792776250000004,3.5971085,7.046542500000001,11.335156625,20.64742375,50.8851,68.77391499999999,146.43213750000004,382.07332499999995
Second Transpose (First Send),2.9074236250000003,3.4268685000000003,4.105943,7.98945975,12.828519125000003,23.328813749999995,55.13556749999998,77.39473375,162.84546249999997,414.78436250000004
Second Transpose (Packing),2.9043043750000006,3.4239239999999995,4.102613375,7.985605625000001,12.823965375,23.323422499999996,55.130146249999996,77.38961499999999,162.83838749999995,414.7762499999999
Second Transpose (Start Local Transpose),2.920220125,3.431044374999999,4.110590125,8.00863825,12.835119125,23.336392499999995,55.14243875,77.40245624999999,162.85462499999997,414.79348749999997
Second Transpose (Start Receive),2.931565375000001,3.442116125,4.122017625,8.021807625000001,12.848175375000002,23.350668749999993,55.159739999999985,77.41634125,162.87938749999998,414.82196250000004
Second Transpose (First Receive),3.7013740000000004,4.7972335,6.779007625,13.179635625000001,22.939712874999998,43.37001624999999,94.77406374999998,153.79825125000002,314.16401249999996,718.2408875
Second Transpose (Finished Receive),3.7031553750000006,4.798953,6.780861250000001,13.181813125000001,22.942140375,43.37286374999998,94.77703249999999,153.80122624999996,314.1670625,718.2445875000001
Second Transpose (Unpacking),3.7679062500000002,4.899133624999999,6.937098249999999,13.474919375000002,23.50840537500001,44.415441249999986,96.68341499999997,157.55208875,321.61671249999995,733.0891375000001
1D FFT X-Direction,3.7978102500000004,4.9407045,7.009004625,13.604260625000004,23.728797875000005,44.8349975,97.495295,159.07550125,325.57708749999995,784.6034000000001
Run complete,3.804863375000001,4.945609,7.01513475,13.610434375000002,23.735425375,44.841494999999995,97.5032625,159.08168875,325.58416249999993,784.6127249999997

Peer2Peer,Streams,All2All,Sync
,128_128_128,128_128_256,128_256_256,256_256_256,256_256_512,256_512_512,512_512_512,512_512_1024,512_1024_1024,1024_1024_1024
1D FFT Z-Direction,0.035929112500000006,0.0440787375,0.07050465000000002,0.11252348749999999,0.19524245000000004,0.3638188125,0.6996290500000002,1.377554625,2.72699475,5.4222205
First Transpose (First Send),1.6308607124999994,1.6508382375,1.2204099124999999,2.138774125,2.3063002499999996,4.3154235,5.8017316249999995,7.903018749999998,13.966709999999997,25.9294925
First Transpose (Packing),1.64062655,1.673339425,1.2399952750000003,2.1501949624999996,2.3191230000000003,4.32833475,5.816108249999999,7.915887000000001,13.97960875,25.9428175
First Transpose (Start Local Transpose),0.08071977500000001,0.09341651249999999,0.13111126250000002,0.1879007875,0.289617825,0.461620425,0.801472575,1.4887796249999998,2.8330388749999997,5.529591625
First Transpose (Start Receive),0.09230816249999999,0.1040823,0.14445205,0.20200942500000002,0.3051248375,0.47829565,0.8184147375,1.5059208750000002,2.850976875,5.5473518749999995
First Transpose (First Receive),2.0488149249999994,2.4196224249999996,2.93000975,5.7894447499999995,9.777810375,18.5718625,38.79168,62.6101325,125.6234375,279.48031249999997
First Transpose (Finished Receive),2.0501684750000004,2.4208422250000003,2.9314917499999997,5.791099624999998,9.779855125000001,18.5744325,38.7939125,62.61260749999999,125.626025,279.4832
First Transpose (Unpacking),2.2376677125,2.54845375,3.1131468749999995,6.144211499999999,10.374134999999999,19.622527499999997,40.849978750000005,66.55809624999999,133.44195,295.06043750000003
First Transpose (Send Complete),2.6895803875,3.1793751249999995,3.818596875,7.4237875,11.632130375,21.054574999999996,51.23316249999999,69.54800625,147.83673749999997,384.90340000000003
1D FFT Y-Direction,2.4855917375,2.9792776250000004,3.5971085,7.046542500000001,11.335156625,20.64742375,50.8851,68.77391499999999,146.43213750000004,382.07332499999995
Second Transpose (Packing),2.7064142125,3.1964042499999987,3.8372684999999995,7.4484843750000005,11.652808999999998,21.075695,51.288816249999975,69.57228999999998,147.89697499999997,384.9988000000002
Second Transpose (Start All2All),2.9342273374999994,3.4005737499999995,4.140304875,8.09524775,12.864026499999996,23.327187499999997,55.44302499999998,78.33423125,163.44644999999997,415.0885500000001
Second Transpose (Finished All2All),3.8151229625000003,5.1479737499999985,7.7254559999999985,14.723865624999998,25.876033999999997,48.954732500000006,105.64854124999997,175.55084624999998,357.1369375,799.0963250000002
Second Transpose (Unpacking),3.9149284624999994,5.3035926249999985,8.01703925,15.281385624999999,26.94452775,50.94896125,109.589835,183.72823375,372.3609000000001,828.7249750000001
1D FFT X-Direction,3.9447482125,5.346201624999999,8.093324250000002,15.415785625000002,27.170455249999996,51.38069124999999,110.41645625000001,185.27449624999997,376.47962500000006,880.492475
Run complete,3.9465480875,5.347992374999999,8.095204749999997,15.417621874999998,27.172160249999997,51.38236999999999,110.41817374999997,185.27620874999997,376.4815,880.4946500000003

Peer2Peer,Streams,All2All,MPI\_Type
,128_128_128,128_128_256,128_256_256,256_256_256,256_256_512,256_512_512,512_512_512,512_512_1024,512_1024_1024,1024_1024_1024
1D FFT Z-Direction,0.035929112500000006,0.0440787375,0.07050465000000002,0.11252348749999999,0.19524245000000004,0.3638188125,0.6996290500000002,1.377554625,2.72699475,5.4222205
First Transpose (First Send),1.6308607124999994,1.6508382375,1.2204099124999999,2.138774125,2.3063002499999996,4.3154235,5.8017316249999995,7.903018749999998,13.966709999999997,25.9294925
First Transpose (Packing),1.64062655,1.673339425,1.2399952750000003,2.1501949624999996,2.3191230000000003,4.32833475,5.816108249999999,7.915887000000001,13.97960875,25.9428175
First Transpose (Start Local Transpose),0.08071977500000001,0.09341651249999999,0.13111126250000002,0.1879007875,0.289617825,0.461620425,0.801472575,1.4887796249999998,2.8330388749999997,5.529591625
First Transpose (Start Receive),0.09230816249999999,0.1040823,0.14445205,0.20200942500000002,0.3051248375,0.47829565,0.8184147375,1.5059208750000002,2.850976875,5.5473518749999995
First Transpose (First Receive),2.0488149249999994,2.4196224249999996,2.93000975,5.7894447499999995,9.777810375,18.5718625,38.79168,62.6101325,125.6234375,279.48031249999997
First Transpose (Finished Receive),2.0501684750000004,2.4208422250000003,2.9314917499999997,5.791099624999998,9.779855125000001,18.5744325,38.7939125,62.61260749999999,125.626025,279.4832
First Transpose (Unpacking),2.2376677125,2.54845375,3.1131468749999995,6.144211499999999,10.374134999999999,19.622527499999997,40.849978750000005,66.55809624999999,133.44195,295.06043750000003
First Transpose (Send Complete),2.6895803875,3.1793751249999995,3.818596875,7.4237875,11.632130375,21.054574999999996,51.23316249999999,69.54800625,147.83673749999997,384.90340000000003
1D FFT Y-Direction,2.4855917375,2.9792776250000004,3.5971085,7.046542500000001,11.335156625,20.64742375,50.8851,68.77391499999999,146.43213750000004,382.07332499999995
Second Transpose (Packing),2.9473073124999996,3.388784125,4.109789125000001,8.051918999999998,12.863977624999999,23.27578374999999,55.10606624999999,77.404215,164.11624999999995,414.7723625000001
Second Transpose (Start All2All),2.9489871874999998,3.3904837499999987,4.111351875,8.053707875,12.865780125000002,23.277569999999997,55.10787374999998,77.40603999999998,164.11824999999996,414.77456250000006
Second Transpose (Finished All2All),3.8072753125000003,5.324733749999998,7.651263374999999,16.022547875,27.649845125000002,52.187251249999996,111.71279124999998,189.13128,386.70725,853.516075
Second Transpose (Unpacking),3.9054435624999995,5.480915249999999,7.93941875,16.576936625000005,28.71760137499999,54.183994999999996,115.47772874999998,196.58934249999993,402.6158124999999,883.1544500000002
1D FFT X-Direction,3.9348803124999994,5.524123875000001,8.0143445,16.708847875,28.935641374999992,54.593173750000005,116.29167874999999,198.15247999999997,406.80139999999994,935.0616375000001
Run complete,3.9366531875,5.525985,8.0159925,16.710704124999996,28.937375125,54.59484125,116.29337874999999,198.15424250000007,406.80323749999997,935.0638

Peer2Peer,MPI\_Type,Peer2Peer,Sync
,128_128_128,128_128_256,128_256_256,256_256_256,256_256_512,256_512_512,512_512_512,512_512_1024,512_1024_1024,1024_1024_1024
init,1675.9825000000012,1477.495,1107.8349999999996,1634.2024999999996,962.0782499999999,1155.4199999999996,1414.1124999999995,2140.875,2933.4800000000014,2265.4975000000004
1D FFT Z-Direction,0.03564265,0.045685199999999995,0.06670725000000002,0.11155275,0.19463874999999997,0.36468505,0.7004843875000001,1.3767956249999997,2.7245306250000003,5.421229374999999
First Transpose (First Send),0.29960090000000006,0.27647725,0.3945613124999999,0.7206884249999999,1.398378125,2.6212973749999997,4.950375375,9.83361175,19.94969,38.99199374999999
First Transpose (Packing),0.2970679375,0.2740079875,0.39195945,0.7180724875,1.395189625,2.61762475,4.946688125,9.829623624999998,19.945949999999996,38.98692749999999
First Transpose (Start Receive),0.7459764874999999,1.3085882500000001,2.604284875,5.236148,9.074494,18.003587500000002,34.8297125,62.64696500000001,124.18335000000002,244.98336249999997
First Transpose (First Receive),1.36240125,2.8046488750000003,5.559508499999999,10.794466,19.18725125,36.82299,75.30109125,127.03192500000003,256.02756250000004,541.6369375
First Transpose (Finished Receive),1.3636781250000003,2.8059478749999993,5.561068,10.796284875,19.189677500000002,36.825442499999994,75.30342875,127.03425,256.029775,541.639375
First Transpose (Unpacking),1.4657190000000004,2.9575014999999993,5.851316375,11.3495375,20.25640625,38.737982499999994,79.09176749999997,134.56213749999998,272.28812500000004,571.7133249999999
First Transpose (Send Complete),1.7278661249999998,3.4525899999999994,6.353388000000001,12.272905000000002,21.229400000000002,39.74163875,89.00665624999999,136.8431875,285.7558499999999,659.4445
1D FFT Y-Direction,1.7225672500000004,3.43495975,6.335877625,12.244892499999999,21.192045000000004,39.701094999999995,88.92609999999999,136.77663750000002,285.62272499999995,659.182775
Second Transpose (First Send),1.8844983750000004,3.584655875,6.5279015000000005,12.6486075,21.877018749999998,40.80665499999999,91.01421,140.67433750000004,294.1826750000001,674.5875125
Second Transpose (Packing),1.88899175,3.589363,6.533559999999999,12.655236249999998,21.883915,40.813444999999994,91.02250875,140.68974999999995,294.1923250000001,674.60935
Second Transpose (Start Local Transpose),1.8906450000000004,3.5910377500000004,6.535310750000001,12.656918749999997,21.885865000000003,40.81514625,91.02411,140.69137500000002,294.1946124999999,674.611425
Second Transpose (Start Receive),1.9022932500000003,3.6035636249999996,6.548071875,12.67132625,21.8996725,40.828619999999994,91.04339124999998,140.70655,294.2196625,674.6393625000001
Second Transpose (First Receive),2.8447806250000003,5.1752252499999996,9.550994124999999,17.580578749999997,32.809132500000004,61.83692249999999,129.2942875,217.1314625,443.9548125,975.5622749999999
Second Transpose (Finished Receive),2.846536875,5.1769247499999995,9.552854250000001,17.582569999999997,32.811496250000005,61.839780000000005,129.297175,217.13453749999994,443.9579124999999,975.56575
Second Transpose (Unpacking),2.910078375,5.271908999999999,9.711795624999999,17.876348750000002,33.362147500000006,62.8206225,131.20553749999996,220.88594999999995,452.12204999999983,990.41085
1D FFT X-Direction,2.9395705000000003,5.313429625,9.784203625,18.003833750000002,33.581287499999995,63.2241025,132.025675,222.42941250000004,456.26081250000004,1042.3451249999998
Run complete,2.949627875,5.321198,9.792039874999997,18.00904375,33.58899875,63.2337375,132.03255,222.435475,456.2673125000001,1042.3548624999999

Peer2Peer,MPI\_Type,Peer2Peer,Streams
,128_128_128,128_128_256,128_256_256,256_256_256,256_256_512,256_512_512,512_512_512,512_512_1024,512_1024_1024,1024_1024_1024
1D FFT Z-Direction,0.03564265,0.045685199999999995,0.06670725000000002,0.11155275,0.19463874999999997,0.36468505,0.7004843875000001,1.3767956249999997,2.7245306250000003,5.421229374999999
First Transpose (First Send),0.29960090000000006,0.27647725,0.3945613124999999,0.7206884249999999,1.398378125,2.6212973749999997,4.950375375,9.83361175,19.94969,38.99199374999999
First Transpose (Packing),0.2970679375,0.2740079875,0.39195945,0.7180724875,1.395189625,2.61762475,4.946688125,9.829623624999998,19.945949999999996,38.98692749999999
First Transpose (Start Receive),0.7459764874999999,1.3085882500000001,2.604284875,5.236148,9.074494,18.003587500000002,34.8297125,62.64696500000001,124.18335000000002,244.98336249999997
First Transpose (First Receive),1.36240125,2.8046488750000003,5.559508499999999,10.794466,19.18725125,36.82299,75.30109125,127.03192500000003,256.02756250000004,541.6369375
First Transpose (Finished Receive),1.3636781250000003,2.8059478749999993,5.561068,10.796284875,19.189677500000002,36.825442499999994,75.30342875,127.03425,256.029775,541.639375
First Transpose (Unpacking),1.4657190000000004,2.9575014999999993,5.851316375,11.3495375,20.25640625,38.737982499999994,79.09176749999997,134.56213749999998,272.28812500000004,571.7133249999999
First Transpose (Send Complete),1.7278661249999998,3.4525899999999994,6.353388000000001,12.272905000000002,21.229400000000002,39.74163875,89.00665624999999,136.8431875,285.7558499999999,659.4445
1D FFT Y-Direction,1.7225672500000004,3.43495975,6.335877625,12.244892499999999,21.192045000000004,39.701094999999995,88.92609999999999,136.77663750000002,285.62272499999995,659.182775
Second Transpose (First Send),3.2450771125000006,5.754759999999999,8.06752625,13.986214,23.3528155,43.240681249999994,93.8127975,143.64945,297.7445124999999,678.1134375000001
Second Transpose (Packing),3.2544333624999995,5.765140375,8.077140500000002,13.995925875000001,23.368878875,43.25628375,93.82662874999998,143.66549625,297.762475,678.1333375000002
Second Transpose (Start Local Transpose),1.7677814875000002,3.5070384999999997,6.412204250000001,12.359824375,21.3137555,39.82939375000001,89.13077249999999,136.93252,285.914725,659.63805
Second Transpose (Start Receive),1.77856245,3.51874975,6.423967875000001,12.372295625,21.32707,39.84367375,89.14474374999999,136.94605374999998,285.9290625,659.6594749999999
Second Transpose (First Receive),3.6230157374999994,6.569729875,9.782422625000002,18.371406375000003,32.225218375000004,60.597462500000006,129.22473875,218.26738124999997,449.7809749999999,1008.6196125
Second Transpose (Finished Receive),3.6247936125000004,6.571544625,9.784212,18.373450624999997,32.227482125,60.60005125000001,129.2273675,218.27015624999999,449.7837874999999,1008.6225750000001
Second Transpose (Unpacking),3.8797862375000007,6.7442385,9.982949125000001,18.665774250000005,32.765469625,61.66858499999999,131.31595249999998,222.37493125,457.95276249999995,1023.4700125000002
1D FFT X-Direction,3.9103118625,6.787048624999999,10.054679750000002,18.792901750000002,32.994977125,62.08303000000001,132.1392,223.94423125,462.2451124999998,1075.3864750000002
Run complete,4.0947739875,7.150238749999998,10.569515250000002,19.199920500000005,33.801634625000005,63.45786625000001,134.02669874999998,225.72588125,462.75299999999993,1076.10425

Peer2Peer,MPI\_Type,Peer2Peer,MPI\_Type
,128_128_128,128_128_256,128_256_256,256_256_256,256_256_512,256_512_512,512_512_512,512_512_1024,512_1024_1024,1024_1024_1024
1D FFT Z-Direction,0.03564265,0.045685199999999995,0.06670725000000002,0.11155275,0.19463874999999997,0.36468505,0.7004843875000001,1.3767956249999997,2.7245306250000003,5.421229374999999
First Transpose (First Send),0.29960090000000006,0.27647725,0.3945613124999999,0.7206884249999999,1.398378125,2.6212973749999997,4.950375375,9.83361175,19.94969,38.99199374999999
First Transpose (Packing),0.2970679375,0.2740079875,0.39195945,0.7180724875,1.395189625,2.61762475,4.946688125,9.829623624999998,19.945949999999996,38.98692749999999
First Transpose (Start Receive),0.7459764874999999,1.3085882500000001,2.604284875,5.236148,9.074494,18.003587500000002,34.8297125,62.64696500000001,124.18335000000002,244.98336249999997
First Transpose (First Receive),1.36240125,2.8046488750000003,5.559508499999999,10.794466,19.18725125,36.82299,75.30109125,127.03192500000003,256.02756250000004,541.6369375
First Transpose (Finished Receive),1.3636781250000003,2.8059478749999993,5.561068,10.796284875,19.189677500000002,36.825442499999994,75.30342875,127.03425,256.029775,541.639375
First Transpose (Unpacking),1.4657190000000004,2.9575014999999993,5.851316375,11.3495375,20.25640625,38.737982499999994,79.09176749999997,134.56213749999998,272.28812500000004,571.7133249999999
First Transpose (Send Complete),1.7278661249999998,3.4525899999999994,6.353388000000001,12.272905000000002,21.229400000000002,39.74163875,89.00665624999999,136.8431875,285.7558499999999,659.4445
1D FFT Y-Direction,1.7225672500000004,3.43495975,6.335877625,12.244892499999999,21.192045000000004,39.701094999999995,88.92609999999999,136.77663750000002,285.62272499999995,659.182775
Second Transpose (First Send),1.9457093625000002,3.700083375,6.640734125000001,12.83857725,22.425788750000006,42.0158775,92.90906124999998,144.68991499999998,300.7645749999999,689.3254625
Second Transpose (Packing),1.9425901125000002,3.6971388749999994,6.637404500000001,12.834723125000002,22.421235000000003,42.01048625,92.90364,144.68479624999998,300.7574999999999,689.3173499999998
Second Transpose (Start Local Transpose),1.9585058625,3.704259249999999,6.645381250000001,12.857755750000003,22.43238875,42.023456249999995,92.9159325,144.69763749999998,300.7737374999999,689.3345874999999
Second Transpose (Start Receive),1.9698511125000004,3.715331,6.656808750000001,12.870925125000003,22.445445000000007,42.0377325,92.93323374999999,144.7115225,300.7984999999999,689.3630625
Second Transpose (First Receive),2.7396597375000002,5.070448375,9.31379875,18.028753125,32.5369825,62.05708,132.54755749999998,221.09343250000003,452.0831249999999,992.7819874999999
Second Transpose (Finished Receive),2.7414411125000004,5.072167875,9.315652375000003,18.030930625000003,32.539410000000004,62.059927499999986,132.55052625,221.09640749999997,452.0861749999999,992.7856875
Second Transpose (Unpacking),2.8061919875,5.172348499999999,9.471889375,18.324036875000004,33.10567500000001,63.102504999999994,134.45690874999997,224.84727,459.5358249999999,1007.6302375
1D FFT X-Direction,2.8360959875000002,5.213919375,9.543795750000001,18.453378125000004,33.32606750000001,63.52206125,135.26878875,226.37068250000002,463.4961999999999,1059.1444999999999
Run complete,2.843149112500001,5.218823875,9.549925875,18.459551875000002,33.332695,63.528558749999995,135.27675625,226.37687000000003,463.50327499999986,1059.1538249999996

Peer2Peer,MPI\_Type,All2All,Sync
,128_128_128,128_128_256,128_256_256,256_256_256,256_256_512,256_512_512,512_512_512,512_512_1024,512_1024_1024,1024_1024_1024
1D FFT Z-Direction,0.03564265,0.045685199999999995,0.06670725000000002,0.11155275,0.19463874999999997,0.36468505,0.7004843875000001,1.3767956249999997,2.7245306250000003,5.421229374999999
First Transpose (First Send),0.29960090000000006,0.27647725,0.3945613124999999,0.7206884249999999,1.398378125,2.6212973749999997,4.950375375,9.83361175,19.94969,38.99199374999999
First Transpose (Packing),0.2970679375,0.2740079875,0.39195945,0.7180724875,1.395189625,2.61762475,4.946688125,9.829623624999998,19.945949999999996,38.98692749999999
First Transpose (Start Receive),0.7459764874999999,1.3085882500000001,2.604284875,5.236148,9.074494,18.003587500000002,34.8297125,62.64696500000001,124.18335000000002,244.98336249999997
First Transpose (First Receive),1.36240125,2.8046488750000003,5.559508499999999,10.794466,19.18725125,36.82299,75.30109125,127.03192500000003,256.02756250000004,541.6369375
First Transpose (Finished Receive),1.3636781250000003,2.8059478749999993,5.561068,10.796284875,19.189677500000002,36.825442499999994,75.30342875,127.03425,256.029775,541.639375
First Transpose (Unpacking),1.4657190000000004,2.9575014999999993,5.851316375,11.3495375,20.25640625,38.737982499999994,79.09176749999997,134.56213749999998,272.28812500000004,571.7133249999999
First Transpose (Send Complete),1.7278661249999998,3.4525899999999994,6.353388000000001,12.272905000000002,21.229400000000002,39.74163875,89.00665624999999,136.8431875,285.7558499999999,659.4445
1D FFT Y-Direction,1.7225672500000004,3.43495975,6.335877625,12.244892499999999,21.192045000000004,39.701094999999995,88.92609999999999,136.77663750000002,285.62272499999995,659.182775
Second Transpose (Packing),1.7446999499999998,3.4696191249999986,6.372059625,12.297601875000002,21.250078625,39.76275875,89.06230999999997,136.86747125,285.81608749999987,659.5399000000001
Second Transpose (Start All2All),1.9725130749999993,3.6737886249999994,6.675096000000001,12.94436525,22.461296124999997,42.01425125,93.21651874999998,145.6294125,301.3655624999999,689.6296500000001
Second Transpose (Finished All2All),2.8534087,5.421188624999998,10.260247125,19.572983125,35.473303625,67.64179625000001,143.42203499999997,242.8460275,495.0560499999999,1073.6374250000001
Second Transpose (Unpacking),2.9532141999999992,5.576807499999999,10.551830375000002,20.130503125,36.541797375,69.636025,147.36332875,251.023415,510.2800125,1103.266075
1D FFT X-Direction,2.98303395,5.619416499999998,10.628115375000002,20.264903125000004,36.767724875,70.06775499999999,148.18995,252.56967749999995,514.3987374999999,1155.033575
Run complete,2.984833825,5.621207249999999,10.629995874999999,20.266739375,36.769429875,70.06943374999999,148.19166749999997,252.57138999999995,514.4006124999999,1155.0357500000002

Peer2Peer,MPI\_Type,All2All,MPI\_Type
,128_128_128,128_128_256,128_256_256,256_256_256,256_256_512,256_512_512,512_512_512,512_512_1024,512_1024_1024,1024_1024_1024
1D FFT Z-Direction,0.03564265,0.045685199999999995,0.06670725000000002,0.11155275,0.19463874999999997,0.36468505,0.7004843875000001,1.3767956249999997,2.7245306250000003,5.421229374999999
First Transpose (First Send),0.29960090000000006,0.27647725,0.3945613124999999,0.7206884249999999,1.398378125,2.6212973749999997,4.950375375,9.83361175,19.94969,38.99199374999999
First Transpose (Packing),0.2970679375,0.2740079875,0.39195945,0.7180724875,1.395189625,2.61762475,4.946688125,9.829623624999998,19.945949999999996,38.98692749999999
First Transpose (Start Receive),0.7459764874999999,1.3085882500000001,2.604284875,5.236148,9.074494,18.003587500000002,34.8297125,62.64696500000001,124.18335000000002,244.98336249999997
First Transpose (First Receive),1.36240125,2.8046488750000003,5.559508499999999,10.794466,19.18725125,36.82299,75.30109125,127.03192500000003,256.02756250000004,541.6369375
First Transpose (Finished Receive),1.3636781250000003,2.8059478749999993,5.561068,10.796284875,19.189677500000002,36.825442499999994,75.30342875,127.03425,256.029775,541.639375
First Transpose (Unpacking),1.4657190000000004,2.9575014999999993,5.851316375,11.3495375,20.25640625,38.737982499999994,79.09176749999997,134.56213749999998,272.28812500000004,571.7133249999999
First Transpose (Send Complete),1.7278661249999998,3.4525899999999994,6.353388000000001,12.272905000000002,21.229400000000002,39.74163875,89.00665624999999,136.8431875,285.7558499999999,659.4445
1D FFT Y-Direction,1.7225672500000004,3.43495975,6.335877625,12.244892499999999,21.192045000000004,39.701094999999995,88.92609999999999,136.77663750000002,285.62272499999995,659.182775
Second Transpose (Packing),1.9855930499999996,3.661999,6.644580250000001,12.9010365,22.46124725,41.962847499999995,92.87956,144.69939625,302.0353624999999,689.3134625
Second Transpose (Start All2All),1.9872729249999996,3.6636986249999985,6.646143000000001,12.902825375000003,22.463049750000003,41.964633750000004,92.88136749999998,144.70122124999997,302.03736249999986,689.3156624999999
Second Transpose (Finished All2All),2.84556105,5.597948624999999,10.186054500000001,20.871665375000003,37.24711475000001,70.874315,149.48628499999998,256.42646125,524.6263624999999,1128.057175
Second Transpose (Unpacking),2.9437292999999993,5.754130125,10.474209875,21.426054125000007,38.314871,72.87105875,153.25122249999998,263.8845237499999,540.5349249999998,1157.6955500000001
1D FFT X-Direction,2.9731660499999992,5.79733875,10.549135625000002,21.557965375000002,38.532911,73.2802375,154.0651725,265.44766124999995,544.7205124999998,1209.6027374999999
Run complete,2.974938925,5.799199875000001,10.550783625000001,21.559821624999998,38.53464475,73.281905,154.0668725,265.44942375000005,544.7223499999999,1209.6048999999998

All2All,Sync,Peer2Peer,Sync
,128_128_128,128_128_256,128_256_256,256_256_256,256_256_512,256_512_512,512_512_512,512_512_1024,512_1024_1024,1024_1024_1024
init,1954.435,1088.6097499999998,1706.5924999999995,1574.6925000000003,1138.5849999999996,1154.2350000000001,2357.142500000001,2045.2024999999999,2402.8725,2263.2699999999995
1D FFT Z-Direction,0.0334967875,0.04577826250000001,0.0684780625,0.11185595,0.19399891250000004,0.36269821249999995,0.7195741750000001,1.3750304999999998,2.72138475,5.415229125
First Transpose (Packing),0.1846602625,0.23224976250000004,0.2635530625,0.45091923749999996,0.8442682374999999,1.65328775,3.247060375,6.146335500000001,11.999150000000002,23.2733525
First Transpose (Start Local Transpose),0.044462825,0.057449462500000006,0.08081671249999998,0.12601188750000003,0.20896839999999997,0.380528375,0.7391401375,1.394039875,2.7406710000000003,5.437041125
First Transpose (Start All2All),0.18589475000000005,0.23347542500000004,0.26476208749999997,0.45217702499999995,0.8454623124999999,1.6546056249999999,3.2483876250000003,6.147644125,12.000533749999999,23.27468125
First Transpose (Finished All2All),0.63559575,1.1874363749999999,2.026598125,4.1367825,7.856473249999999,15.864342500000001,31.0834725,59.25746624999999,117.29771249999999,231.99727499999995
First Transpose (Unpacking),0.730549525,1.330023875,2.2123636250000005,4.49519475,8.476782000000002,16.99819,33.275040000000004,63.469541249999985,125.5986375,247.1035125
First Transpose (Send Complete),0.97419105,1.7944665,2.6952494999999996,5.377460125,9.435333875,18.062807499999998,43.605521249999995,65.68452125,138.9481375,334.5842
1D FFT Y-Direction,0.9725967499999999,1.7928357499999996,2.6936367499999996,5.3756893749999985,9.433648375,18.061068749999997,43.603401250000005,65.68292124999999,138.9463625,334.5823000000001
Second Transpose (First Send),1.1277975500000001,1.9773557499999999,2.876631,5.6998195,10.064313375000001,19.339701249999997,45.97723875,70.35967499999998,148.081025,351.93699999999995
Second Transpose (Packing),1.1318976124999998,1.9821292499999998,2.8817676249999993,5.70547975,10.078997124999997,19.346185,45.98365,70.36678500000001,148.08767500000002,351.94481250000007
Second Transpose (Start Local Transpose),1.13347765,1.9837733749999997,2.883497375,5.7072136250000005,10.080949875000002,19.3483475,45.98525125,70.36840625,148.09004999999996,351.9465624999999
Second Transpose (Start Receive),1.1436751250000001,1.9944443750000005,2.8944217500000002,5.721760375000001,10.094107875000002,19.36180125,46.004251249999996,70.38147375,148.11073750000006,351.968925
Second Transpose (First Receive),1.8331277499999998,3.38512525,5.534086125,11.287975000000003,20.34432375,39.77999125,84.85583749999999,146.22141249999999,297.9241375,648.0717374999999
Second Transpose (Finished Receive),1.83485325,3.3868480000000005,5.53594175,11.2902175,20.3468125,39.78301,84.85879249999999,146.2244125,297.92726250000004,648.0749250000001
Second Transpose (Unpacking),1.8981638750000003,3.4897208749999997,5.693354375,11.586863750000003,20.903250000000003,40.85267875,86.95186875000002,150.33097499999997,306.0884500000001,662.9483375000001
1D FFT X-Direction,1.9271131249999995,3.5311221249999987,5.766181000000001,11.718106250000002,21.121763749999996,41.274364999999996,87.76494625000001,151.8598,310.11185,714.62755
Run complete,1.9317905000000004,3.536312625,5.77161675,11.724353750000002,21.129044999999998,41.2831575,87.77033624999999,151.8654375,310.12048749999997,714.6350249999998

All2All,Sync,Peer2Peer,Streams
,128_128_128,128_128_256,128_256_256,256_256_256,256_256_512,256_512_512,512_512_512,512_512_1024,512_1024_1024,1024_1024_1024
1D FFT Z-Direction,0.0334967875,0.04577826250000001,0.0684780625,0.11185595,0.19399891250000004,0.36269821249999995,0.7195741750000001,1.3750304999999998,2.72138475,5.415229125
First Transpose (Packing),0.1846602625,0.23224976250000004,0.2635530625,0.45091923749999996,0.8442682374999999,1.65328775,3.247060375,6.146335500000001,11.999150000000002,23.2733525
First Transpose (Start All2All),0.18589475000000005,0.23347542500000004,0.26476208749999997,0.45217702499999995,0.8454623124999999,1.6546056249999999,3.2483876250000003,6.147644125,12.000533749999999,23.27468125
First Transpose (Finished All2All),0.63559575,1.1874363749999999,2.026598125,4.1367825,7.856473249999999,15.864342500000001,31.0834725,59.25746624999999,117.29771249999999,231.99727499999995
First Transpose (Unpacking),0.730549525,1.330023875,2.2123636250000005,4.49519475,8.476782000000002,16.99819,33.275040000000004,63.469541249999985,125.5986375,247.1035125
First Transpose (Send Complete),0.97419105,1.7944665,2.6952494999999996,5.377460125,9.435333875,18.062807499999998,43.605521249999995,65.68452125,138.9481375,334.5842
1D FFT Y-Direction,0.9725967499999999,1.7928357499999996,2.6936367499999996,5.3756893749999985,9.433648375,18.061068749999997,43.603401250000005,65.68292124999999,138.9463625,334.5823000000001
Second Transpose (First Send),2.4914020375000003,4.096636499999999,4.4093877500000005,7.090769124999999,11.558749374999998,21.561849999999996,48.411662500000006,72.49078375,150.93680000000003,353.25313750000015
Second Transpose (Packing),2.5007582875,4.107016874999999,4.419002000000001,7.100480999999999,11.57481275,21.5774525,48.42549374999999,72.50683,150.95476250000007,353.2730375000002
Second Transpose (Start Local Transpose),1.0141064125000003,1.8489150000000003,2.75406575,5.464379499999999,9.519689374999999,18.150562500000003,43.729637499999995,65.77385375000001,139.10701250000005,334.7777500000001
Second Transpose (Start Receive),1.024887375,1.8606262500000006,2.7658293749999996,5.476850749999998,9.533003874999999,18.1648425,43.74360874999999,65.7873875,139.12135000000006,334.79917500000005
Second Transpose (First Receive),2.8693406625,4.911606375000002,6.124284125000001,11.4759615,20.43115225,38.918631250000004,83.82360375,147.10871499999996,302.97326250000003,683.7593125000001
Second Transpose (Finished Receive),2.8711185375,4.913421124999999,6.126073499999999,11.478005749999998,20.433415999999998,38.921220000000005,83.8262325,147.11149,302.976075,683.7622750000002
Second Transpose (Unpacking),3.126111162500001,5.0861149999999995,6.324810625,11.770329375000003,20.971403499999997,39.98975374999999,85.91481749999998,151.21626500000002,311.1450500000001,698.6097125000002
1D FFT X-Direction,3.1566367875,5.1289251249999985,6.39654125,11.897456875,21.200910999999998,40.404198750000006,86.73806499999999,152.78556500000002,315.4373999999999,750.5261750000002
Run complete,3.3410989125000006,5.4921152499999994,6.9113767500000005,12.304475625000002,22.0075685,41.77903500000001,88.62556375,154.56721499999998,315.94528750000006,751.2439500000002

All2All,Sync,Peer2Peer,MPI\_Type
,128_128_128,128_128_256,128_256_256,256_256_256,256_256_512,256_512_512,512_512_512,512_512_1024,512_1024_1024,1024_1024_1024
1D FFT Z-Direction,0.0334967875,0.04577826250000001,0.0684780625,0.11185595,0.19399891250000004,0.36269821249999995,0.7195741750000001,1.3750304999999998,2.72138475,5.415229125
First Transpose (Packing),0.1846602625,0.23224976250000004,0.2635530625,0.45091923749999996,0.8442682374999999,1.65328775,3.247060375,6.146335500000001,11.999150000000002,23.2733525
First Transpose (Start All2All),0.18589475000000005,0.23347542500000004,0.26476208749999997,0.45217702499999995,0.8454623124999999,1.6546056249999999,3.2483876250000003,6.147644125,12.000533749999999,23.27468125
First Transpose (Finished All2All),0.63559575,1.1874363749999999,2.026598125,4.1367825,7.856473249999999,15.864342500000001,31.0834725,59.25746624999999,117.29771249999999,231.99727499999995
First Transpose (Unpacking),0.730549525,1.330023875,2.2123636250000005,4.49519475,8.476782000000002,16.99819,33.275040000000004,63.469541249999985,125.5986375,247.1035125
First Transpose (Send Complete),0.97419105,1.7944665,2.6952494999999996,5.377460125,9.435333875,18.062807499999998,43.605521249999995,65.68452125,138.9481375,334.5842
1D FFT Y-Direction,0.9725967499999999,1.7928357499999996,2.6936367499999996,5.3756893749999985,9.433648375,18.061068749999997,43.603401250000005,65.68292124999999,138.9463625,334.5823000000001
Second Transpose (First Send),1.1920342875000003,2.0419598750000008,2.9825956249999996,5.943132374999999,10.631722625000004,20.337046249999997,47.50792624999998,73.53124875,153.9568625,364.4651625
Second Transpose (Packing),1.1889150375000004,2.039015375,2.9792659999999995,5.93927825,10.627168875,20.331654999999998,47.502505,73.52613,153.94978749999999,364.45704999999987
Second Transpose (Start Local Transpose),1.2048307875000002,2.0461357499999995,2.9872427499999996,5.962310875000001,10.638322625,20.344624999999997,47.5147975,73.53897124999999,153.966025,364.47428749999995
Second Transpose (Start Receive),1.2161760375000006,2.0572075000000005,2.9986702499999995,5.975480250000001,10.651378875000002,20.358901249999995,47.53209874999999,73.55285625,153.9907875,364.5027625
Second Transpose (First Receive),1.9859846625000006,3.4123248750000004,5.65566025,11.13330825,20.742916375,40.37824875,87.1464225,149.93476625000005,305.2754125,667.9216875
Second Transpose (Finished Receive),1.9877660375000004,3.4140443750000005,5.657513875000001,11.13548575,20.745343875,40.381096249999985,87.14939124999998,149.93774125,305.27846250000005,667.9253875
Second Transpose (Unpacking),2.0525169125000007,3.5142249999999997,5.813750874999998,11.428592000000002,21.311608875000008,41.42367374999999,89.05577374999999,153.68860375000003,312.72811249999995,682.7699375000001
1D FFT X-Direction,2.082420912500001,3.5557958750000003,5.8856572499999995,11.557933250000003,21.532001375000004,41.84323,89.86765374999999,155.21201625000003,316.68848749999995,734.2842
Run complete,2.0894740375000005,3.5607003750000006,5.891787375,11.564107000000002,21.538628874999997,41.84972749999999,89.87562125,155.21820375000004,316.69556249999994,734.2935249999997

All2All,Sync,All2All,Sync
,128_128_128,128_128_256,128_256_256,256_256_256,256_256_512,256_512_512,512_512_512,512_512_1024,512_1024_1024,1024_1024_1024
1D FFT Z-Direction,0.0334967875,0.04577826250000001,0.0684780625,0.11185595,0.19399891250000004,0.36269821249999995,0.7195741750000001,1.3750304999999998,2.72138475,5.415229125
First Transpose (Packing),0.1846602625,0.23224976250000004,0.2635530625,0.45091923749999996,0.8442682374999999,1.65328775,3.247060375,6.146335500000001,11.999150000000002,23.2733525
First Transpose (Start All2All),0.18589475000000005,0.23347542500000004,0.26476208749999997,0.45217702499999995,0.8454623124999999,1.6546056249999999,3.2483876250000003,6.147644125,12.000533749999999,23.27468125
First Transpose (Finished All2All),0.63559575,1.1874363749999999,2.026598125,4.1367825,7.856473249999999,15.864342500000001,31.0834725,59.25746624999999,117.29771249999999,231.99727499999995
First Transpose (Unpacking),0.730549525,1.330023875,2.2123636250000005,4.49519475,8.476782000000002,16.99819,33.275040000000004,63.469541249999985,125.5986375,247.1035125
First Transpose (Send Complete),0.97419105,1.7944665,2.6952494999999996,5.377460125,9.435333875,18.062807499999998,43.605521249999995,65.68452125,138.9481375,334.5842
1D FFT Y-Direction,0.9725967499999999,1.7928357499999996,2.6936367499999996,5.3756893749999985,9.433648375,18.061068749999997,43.603401250000005,65.68292124999999,138.9463625,334.5823000000001
Second Transpose (Packing),0.9910248749999998,1.8114956249999992,2.7139211249999993,5.402157,9.456012499999998,18.0839275,43.66117499999998,65.70880499999998,139.008375,334.67960000000016
Second Transpose (Start All2All),1.2188379999999994,2.015665125,3.0169574999999997,6.048920375,10.667229999999996,20.33542,47.81538374999998,74.47074625,154.55785,364.7693500000001
Second Transpose (Finished All2All),2.0997336250000003,3.763065124999999,6.602108624999998,12.677538249999998,23.6792375,45.96296500000001,98.02089999999995,171.68736124999998,348.24833750000005,748.7771250000001
Second Transpose (Unpacking),2.1995391249999994,3.9186839999999994,6.893691875,13.235058249999998,24.74773125,47.95719375,101.96219374999998,179.86474875,363.47230000000013,778.405775
1D FFT X-Direction,2.229358875,3.961292999999999,6.969976875,13.369458250000001,24.97365875,48.38892374999999,102.788815,181.41101124999997,367.59102500000006,830.1732749999999
Run complete,2.23115875,3.9630837499999996,6.971857374999997,13.371294499999998,24.97536375,48.390602499999986,102.79053249999998,181.41272374999997,367.5929,830.1754500000002

All2All,Sync,All2All,MPI\_Type
,128_128_128,128_128_256,128_256_256,256_256_256,256_256_512,256_512_512,512_512_512,512_512_1024,512_1024_1024,1024_1024_1024
1D FFT Z-Direction,0.0334967875,0.04577826250000001,0.0684780625,0.11185595,0.19399891250000004,0.36269821249999995,0.7195741750000001,1.3750304999999998,2.72138475,5.415229125
First Transpose (Packing),0.1846602625,0.23224976250000004,0.2635530625,0.45091923749999996,0.8442682374999999,1.65328775,3.247060375,6.146335500000001,11.999150000000002,23.2733525
First Transpose (Start All2All),0.18589475000000005,0.23347542500000004,0.26476208749999997,0.45217702499999995,0.8454623124999999,1.6546056249999999,3.2483876250000003,6.147644125,12.000533749999999,23.27468125
First Transpose (Finished All2All),0.63559575,1.1874363749999999,2.026598125,4.1367825,7.856473249999999,15.864342500000001,31.0834725,59.25746624999999,117.29771249999999,231.99727499999995
First Transpose (Unpacking),0.730549525,1.330023875,2.2123636250000005,4.49519475,8.476782000000002,16.99819,33.275040000000004,63.469541249999985,125.5986375,247.1035125
First Transpose (Send Complete),0.97419105,1.7944665,2.6952494999999996,5.377460125,9.435333875,18.062807499999998,43.605521249999995,65.68452125,138.9481375,334.5842
1D FFT Y-Direction,0.9725967499999999,1.7928357499999996,2.6936367499999996,5.3756893749999985,9.433648375,18.061068749999997,43.603401250000005,65.68292124999999,138.9463625,334.5823000000001
Second Transpose (Packing),1.2319179749999998,2.0038755000000004,2.98644175,6.005591624999998,10.667181124999999,20.284016249999993,47.478424999999994,73.54073,155.22764999999998,364.4531625000001
Second Transpose (Start All2All),1.2335978499999998,2.005575124999999,2.9880045,6.0073805,10.668983625000003,20.2858025,47.480232499999985,73.54255499999998,155.22965,364.45536250000004
Second Transpose (Finished All2All),2.0918859750000003,3.939825124999999,6.527915999999999,13.9762205,25.453048625,49.195483749999994,104.08514999999997,185.267795,377.81865000000005,803.1968750000001
Second Transpose (Unpacking),2.1900542249999995,4.096006624999999,6.816071375,14.530609250000005,26.52080487499999,51.192227499999994,107.85008749999999,192.72585749999993,393.72721249999995,832.8352500000001
1D FFT X-Direction,2.2194909749999994,4.139215250000001,6.890997125,14.6625205,26.73884487499999,51.601406250000004,108.66403749999999,194.28899499999994,397.91279999999995,884.7424375
Run complete,2.22126385,4.141076375000001,6.892645125,14.664376749999995,26.740578624999998,51.60307375,108.66573749999999,194.29075750000004,397.9146375,884.7446

All2All,MPI\_Type,Peer2Peer,Sync
,128_128_128,128_128_256,128_256_256,256_256_256,256_256_512,256_512_512,512_512_512,512_512_1024,512_1024_1024,1024_1024_1024
init,1664.9749999999992,2415.7474999999995,1741.0600000000002,927.4305,946.7994999999997,1510.7174999999995,1250.5449999999996,2158.0325000000003,2186.955000000001,2470.2900000000004
1D FFT Z-Direction,0.035452675,0.04879251250000001,0.06854322499999999,0.10995202499999998,0.19566160000000005,0.3645202875,0.7011546999999999,1.3783718749999998,2.7230055,5.415951625
First Transpose (Packing),0.2991305624999999,0.27534041249999996,0.3943311625,0.7136152750000001,1.3919489999999999,2.6546681249999997,5.070777,9.951556625000004,19.55717125,38.991778749999995
First Transpose (Start All2All),0.3003973375000001,0.27665885000000007,0.3956248875,0.7147797,1.393215875,2.656005125,5.072123624999999,9.952935750000002,19.558553749999998,38.993175
First Transpose (Finished All2All),1.0992179624999998,2.3339106249999997,4.830277124999999,9.520318999999999,16.82217,32.68606,63.33629125,112.3031,221.80080000000004,447.92561250000006
First Transpose (Unpacking),1.2000096374999998,2.4865278749999993,5.127486500000001,10.085692249999997,17.876921249999995,34.624100000000006,67.12439624999999,119.79349999999997,236.69587500000003,477.64295000000004
First Transpose (Send Complete),1.4572540000000003,2.977843374999999,5.6546994999999995,11.00720625,18.827651249999995,35.61121250000001,76.98482249999998,122.02758750000002,249.69559999999996,564.7390125
1D FFT Y-Direction,1.4556224999999998,2.9761759999999997,5.653034499999999,11.005550000000001,18.825982500000002,35.60963124999999,76.98318624999999,122.02595000000001,249.6937875,564.7371
Second Transpose (First Send),1.6125496250000002,3.1149475,5.832083875,11.384740000000003,19.481381250000005,36.847213749999995,79.02684375,126.56602500000001,258.689525,582.2493499999999
Second Transpose (Packing),1.61732425,3.1203217499999996,5.83794275,11.391196249999998,19.48816,36.8538125,79.03337875,126.57328750000002,258.69633749999997,582.25915
Second Transpose (Start Local Transpose),1.619057125,3.122170375,5.839815874999999,11.39290125,19.490202500000002,36.85554000000001,79.0351225,126.57518750000001,258.69800000000004,582.2610375
Second Transpose (Start Receive),1.6305045,3.1349023750000002,5.8526735,11.408111250000001,19.503727499999997,36.868804999999995,79.0538375,126.5887875,258.71933750000005,582.279475
Second Transpose (First Receive),2.428262375,4.697197125000001,8.903053499999999,16.766486250000003,30.462698750000005,57.04743749999999,117.1118875,200.7196125,408.0639,880.1414874999998
Second Transpose (Finished Receive),2.429989,4.698970874999999,8.90500325,16.76866499999999,30.46516625,57.050395,117.11486249999999,200.72256249999998,408.0668750000001,880.1447375
Second Transpose (Unpacking),2.493258125,4.794151874999999,9.065266375,17.063874999999996,31.00683625,58.05596374999999,119.02769999999998,204.48561249999997,415.5293125,894.9888125
1D FFT X-Direction,2.5226959999999994,4.8361346250000015,9.138570875,17.19194,31.228927499999998,58.47724625000001,119.86221250000001,206.03587499999995,419.5507625,946.6914499999999
Run complete,2.527681375,4.841142375,9.148154375,17.198961250000004,31.237431249999997,58.48406249999999,119.86766250000001,206.04155,419.5589499999999,946.6971374999999

All2All,MPI\_Type,Peer2Peer,Streams
,128_128_128,128_128_256,128_256_256,256_256_256,256_256_512,256_512_512,512_512_512,512_512_1024,512_1024_1024,1024_1024_1024
1D FFT Z-Direction,0.035452675,0.04879251250000001,0.06854322499999999,0.10995202499999998,0.19566160000000005,0.3645202875,0.7011546999999999,1.3783718749999998,2.7230055,5.415951625
First Transpose (Packing),0.2991305624999999,0.27534041249999996,0.3943311625,0.7136152750000001,1.3919489999999999,2.6546681249999997,5.070777,9.951556625000004,19.55717125,38.991778749999995
First Transpose (Start All2All),0.3003973375000001,0.27665885000000007,0.3956248875,0.7147797,1.393215875,2.656005125,5.072123624999999,9.952935750000002,19.558553749999998,38.993175
First Transpose (Finished All2All),1.0992179624999998,2.3339106249999997,4.830277124999999,9.520318999999999,16.82217,32.68606,63.33629125,112.3031,221.80080000000004,447.92561250000006
First Transpose (Unpacking),1.2000096374999998,2.4865278749999993,5.127486500000001,10.085692249999997,17.876921249999995,34.624100000000006,67.12439624999999,119.79349999999997,236.69587500000003,477.64295000000004
First Transpose (Send Complete),1.4572540000000003,2.977843374999999,5.6546994999999995,11.00720625,18.827651249999995,35.61121250000001,76.98482249999998,122.02758750000002,249.69559999999996,564.7390125
1D FFT Y-Direction,1.4556224999999998,2.9761759999999997,5.653034499999999,11.005550000000001,18.825982500000002,35.60963124999999,76.98318624999999,122.02595000000001,249.6937875,564.7371
Second Transpose (First Send),2.974464987500001,5.2800133749999985,7.36883775,12.720515249999998,20.951066749999995,39.11025500000001,81.79096374999999,128.83385000000004,261.6842625,583.40795
Second Transpose (Packing),2.9838212375,5.290393749999999,7.378452,12.730227124999999,20.967130124999997,39.12585750000001,81.80479499999997,128.84989625000003,261.702225,583.4278500000001
Second Transpose (Start Local Transpose),1.4971693625000007,3.0322918749999994,5.71351575,11.094125624999998,18.912006749999996,35.69896750000001,77.10893874999998,122.11692000000004,249.854475,564.9325625
Second Transpose (Start Receive),1.5079503250000004,3.0440031249999997,5.7252793749999995,11.106596874999997,18.925321249999996,35.71324750000001,77.12290999999998,122.13045375000002,249.86881250000002,564.9539875
Second Transpose (First Receive),3.3524036125,6.09498325,9.083734125,17.105707625,29.823469624999994,56.46703625000001,117.20290499999999,203.45178125,413.720725,913.914125
Second Transpose (Finished Receive),3.354181487500001,6.096797999999999,9.085523499999999,17.107751874999998,29.82573337499999,56.46962500000002,117.20553374999999,203.45455625,413.7235374999999,913.9170875000001
Second Transpose (Unpacking),3.609174112500001,6.269491874999999,9.284260625,17.4000755,30.36372087499999,57.53815875000001,119.29411874999997,207.55933125,421.89251250000007,928.7645250000002
1D FFT X-Direction,3.6396997375000004,6.312301999999998,9.35599125,17.527203,30.593228374999995,57.95260375000002,120.11736624999998,209.12863125,426.1848624999999,980.6809875000001
Run complete,3.824161862500001,6.675492124999998,9.870826749999999,17.93422175,31.399885874999995,59.327440000000024,122.00486499999998,210.91028125000003,426.69275000000005,981.3987625000001

All2All,MPI\_Type,Peer2Peer,MPI\_Type
,128_128_128,128_128_256,128_256_256,256_256_256,256_256_512,256_512_512,512_512_512,512_512_1024,512_1024_1024,1024_1024_1024
1D FFT Z-Direction,0.035452675,0.04879251250000001,0.06854322499999999,0.10995202499999998,0.19566160000000005,0.3645202875,0.7011546999999999,1.3783718749999998,2.7230055,5.415951625
First Transpose (Packing),0.2991305624999999,0.27534041249999996,0.3943311625,0.7136152750000001,1.3919489999999999,2.6546681249999997,5.070777,9.951556625000004,19.55717125,38.991778749999995
First Transpose (Start All2All),0.3003973375000001,0.27665885000000007,0.3956248875,0.7147797,1.393215875,2.656005125,5.072123624999999,9.952935750000002,19.558553749999998,38.993175
First Transpose (Finished All2All),1.0992179624999998,2.3339106249999997,4.830277124999999,9.520318999999999,16.82217,32.68606,63.33629125,112.3031,221.80080000000004,447.92561250000006
First Transpose (Unpacking),1.2000096374999998,2.4865278749999993,5.127486500000001,10.085692249999997,17.876921249999995,34.624100000000006,67.12439624999999,119.79349999999997,236.69587500000003,477.64295000000004
First Transpose (Send Complete),1.4572540000000003,2.977843374999999,5.6546994999999995,11.00720625,18.827651249999995,35.61121250000001,76.98482249999998,122.02758750000002,249.69559999999996,564.7390125
1D FFT Y-Direction,1.4556224999999998,2.9761759999999997,5.653034499999999,11.005550000000001,18.825982500000002,35.60963124999999,76.98318624999999,122.02595000000001,249.6937875,564.7371
Second Transpose (First Send),1.6750972375000006,3.2253367499999994,5.9420456249999996,11.572878499999998,20.02404,37.88545125,80.88722749999997,129.87431500000002,264.7043249999999,594.619975
Second Transpose (Packing),1.6719779875000007,3.2223922499999986,5.938715999999999,11.569024375,20.019486249999996,37.88006000000001,80.88180624999998,129.86919625000002,264.69724999999994,594.6118624999998
Second Transpose (Start Local Transpose),1.6878937375000005,3.229512624999998,5.9466927499999995,11.592057,20.03064,37.89303000000001,80.89409874999998,129.88203750000002,264.7134874999999,594.6290999999999
Second Transpose (Start Receive),1.699238987500001,3.240584374999999,5.9581202499999995,11.605226375,20.043696249999996,37.907306250000005,80.91139999999997,129.89592250000004,264.73825,594.657575
Second Transpose (First Receive),2.4690476125000007,4.595701749999999,8.61511025,16.763054375,30.135233749999998,57.92665375000001,120.52572374999997,206.27783250000005,416.02287499999994,898.0764999999999
Second Transpose (Finished Receive),2.470828987500001,4.597421249999999,8.616963875,16.765231875,30.137661249999994,57.929501249999994,120.52869249999998,206.28080749999998,416.025925,898.0802
Second Transpose (Unpacking),2.5355798625000006,4.697601874999998,8.773200874999999,17.058338125000002,30.703926250000002,58.97207875,122.43507499999996,210.03167000000002,423.47557499999994,912.92475
1D FFT X-Direction,2.5654838625000007,4.73917275,8.84510725,17.187679375000002,30.924318749999998,59.39163500000001,123.24695499999999,211.55508250000003,427.43594999999993,964.4390125
Run complete,2.5725369875000013,4.744077249999999,8.851237375,17.193853125,30.93094624999999,59.3981325,123.25492249999999,211.56127000000004,427.4430249999999,964.4483374999996

All2All,MPI\_Type,All2All,Sync
,128_128_128,128_128_256,128_256_256,256_256_256,256_256_512,256_512_512,512_512_512,512_512_1024,512_1024_1024,1024_1024_1024
1D FFT Z-Direction,0.035452675,0.04879251250000001,0.06854322499999999,0.10995202499999998,0.19566160000000005,0.3645202875,0.7011546999999999,1.3783718749999998,2.7230055,5.415951625
First Transpose (Packing),0.2991305624999999,0.27534041249999996,0.3943311625,0.7136152750000001,1.3919489999999999,2.6546681249999997,5.070777,9.951556625000004,19.55717125,38.991778749999995
First Transpose (Start All2All),0.3003973375000001,0.27665885000000007,0.3956248875,0.7147797,1.393215875,2.656005125,5.072123624999999,9.952935750000002,19.558553749999998,38.993175
First Transpose (Finished All2All),1.0992179624999998,2.3339106249999997,4.830277124999999,9.520318999999999,16.82217,32.68606,63.33629125,112.3031,221.80080000000004,447.92561250000006
First Transpose (Unpacking),1.2000096374999998,2.4865278749999993,5.127486500000001,10.085692249999997,17.876921249999995,34.624100000000006,67.12439624999999,119.79349999999997,236.69587500000003,477.64295000000004
First Transpose (Send Complete),1.4572540000000003,2.977843374999999,5.6546994999999995,11.00720625,18.827651249999995,35.61121250000001,76.98482249999998,122.02758750000002,249.69559999999996,564.7390125
1D FFT Y-Direction,1.4556224999999998,2.9761759999999997,5.653034499999999,11.005550000000001,18.825982500000002,35.60963124999999,76.98318624999999,122.02595000000001,249.6937875,564.7371
Second Transpose (Packing),1.4740878250000002,2.9948724999999983,5.673371124999999,11.031903125,18.848329874999994,35.63233250000001,77.04047624999995,122.05187125,249.75583749999996,564.8344125000001
Second Transpose (Start All2All),1.7019009499999997,3.1990419999999986,5.9764075,11.678666499999999,20.059547374999994,37.88382500000001,81.19468499999996,130.81381250000004,265.30531249999996,594.9241625
Second Transpose (Finished All2All),2.5827965750000006,4.9464419999999985,9.561558624999998,18.307284375,33.071554875,63.511370000000014,131.40020124999995,228.0304275,458.9958,978.9319375
Second Transpose (Unpacking),2.6826020749999997,5.1020608749999985,9.853141875,18.864804375,34.140048625,65.50559875000002,135.34149499999998,236.207815,474.21976250000006,1008.5605874999999
1D FFT X-Direction,2.7124218250000003,5.144669874999998,9.929426875,18.999204374999998,34.365976124999996,65.93732875,136.16811625,237.7540775,478.33848750000004,1060.3280874999998
Run complete,2.7142217000000004,5.146460624999999,9.931307374999998,19.001040624999995,34.367681125,65.9390075,136.16983374999995,237.75579,478.34036249999997,1060.3302625000001

All2All,MPI\_Type,All2All,MPI\_Type
,128_128_128,128_128_256,128_256_256,256_256_256,256_256_512,256_512_512,512_512_512,512_512_1024,512_1024_1024,1024_1024_1024
1D FFT Z-Direction,0.035452675,0.04879251250000001,0.06854322499999999,0.10995202499999998,0.19566160000000005,0.3645202875,0.7011546999999999,1.3783718749999998,2.7230055,5.415951625
First Transpose (Packing),0.2991305624999999,0.27534041249999996,0.3943311625,0.7136152750000001,1.3919489999999999,2.6546681249999997,5.070777,9.951556625000004,19.55717125,38.991778749999995
First Transpose (Start All2All),0.3003973375000001,0.27665885000000007,0.3956248875,0.7147797,1.393215875,2.656005125,5.072123624999999,9.952935750000002,19.558553749999998,38.993175
First Transpose (Finished All2All),1.0992179624999998,2.3339106249999997,4.830277124999999,9.520318999999999,16.82217,32.68606,63.33629125,112.3031,221.80080000000004,447.92561250000006
First Transpose (Unpacking),1.2000096374999998,2.4865278749999993,5.127486500000001,10.085692249999997,17.876921249999995,34.624100000000006,67.12439624999999,119.79349999999997,236.69587500000003,477.64295000000004
First Transpose (Send Complete),1.4572540000000003,2.977843374999999,5.6546994999999995,11.00720625,18.827651249999995,35.61121250000001,76.98482249999998,122.02758750000002,249.69559999999996,564.7390125
1D FFT Y-Direction,1.4556224999999998,2.9761759999999997,5.653034499999999,11.005550000000001,18.825982500000002,35.60963124999999,76.98318624999999,122.02595000000001,249.6937875,564.7371
Second Transpose (Packing),1.714980925,3.187252374999999,5.9458917499999995,11.635337749999998,20.059498499999997,37.83242125,80.85772624999998,129.88379625000002,265.9751124999999,594.607975
Second Transpose (Start All2All),1.7166608,3.1889519999999987,5.9474545,11.637126625,20.061301,37.834207500000005,80.85953374999997,129.88562124999999,265.9771125,594.610175
Second Transpose (Finished All2All),2.5749489250000006,5.123201999999998,9.487365999999998,19.605966625,34.845366,66.74388875000001,137.46445124999997,241.61086125000003,488.5661125,1033.3516875
Second Transpose (Unpacking),2.673117175,5.279383499999999,9.775521375,20.160355375000005,35.91312224999999,68.7406325,141.22938874999997,249.06892374999995,504.4746749999999,1062.9900625
1D FFT X-Direction,2.7025539249999997,5.322592125,9.850447124999999,20.292266625,36.13116224999999,69.14981125000001,142.04333874999998,250.63206125,508.66026249999993,1114.89725
Run complete,2.7043268000000005,5.32445325,9.852095125,20.294122874999996,36.132895999999995,69.15147875000001,142.04503874999997,250.6338237500001,508.66209999999995,1114.8994125

